1 2 3 4 5 6 7 8 9 10 11 12 13 14 15 16 17 18 19 20
100000 100000 100000 100000 100000 100000 100000 100000 100000 100000 100000 100000 100000 100000 100000 100000 100000 100000 100000 100000

13 1 8 16
12 9 15 11
6 16 4 9 17
19
17 4 9
2
15 17 3
13 10 6
15 14 16 8 1
0 2 12 19 15
7 10 2
18 7
4 17
2 19 10 16
3 9 17 18
17
17 6 19
9 14 2 12 10
7 9 5 6 17
19

0 26 40 14 15 18 19 12 15 44 35 43 27 43 25 23 47 36 47 27 
26 0 38 41 32 15 30 49 17 41 47 50 31 22 25 11 27 17 24 33 
40 38 0 20 31 37 13 16 19 24 12 46 50 44 48 14 11 17 50 22 
14 41 20 0 48 46 17 35 15 33 17 12 48 11 22 21 17 40 23 13 
15 32 31 48 0 11 44 37 49 16 26 14 24 14 29 32 37 21 13 42 
18 15 37 46 11 0 39 12 48 16 35 22 26 32 40 46 20 23 13 20 
19 30 13 17 44 39 0 20 31 43 26 17 48 38 21 10 40 36 46 42 
12 49 16 35 37 12 20 0 29 32 34 26 19 45 10 39 15 31 12 44 
15 17 19 15 49 48 31 29 0 27 18 25 40 32 49 28 32 47 50 49 
44 41 24 33 16 16 43 32 27 0 18 29 34 36 15 10 48 22 31 20 
35 47 12 17 26 35 26 34 18 18 0 25 24 50 38 34 46 36 12 35 
43 50 46 12 14 22 17 26 25 29 25 0 46 36 12 20 38 14 26 20 
27 31 50 48 24 26 48 19 40 34 24 46 0 38 43 41 45 48 10 12 
43 22 44 11 14 32 38 45 32 36 50 36 38 0 41 30 29 39 13 36 
25 25 48 22 29 40 21 10 49 15 38 12 43 41 0 22 45 50 15 18 
23 11 14 21 32 46 10 39 28 10 34 20 41 30 22 0 10 35 36 30 
47 27 11 17 37 20 40 15 32 48 46 38 45 29 45 10 0 10 23 10 
36 17 17 40 21 23 36 31 47 22 36 14 48 39 50 35 10 0 10 43 
47 24 50 23 13 13 46 12 50 31 12 26 10 13 15 36 23 10 0 49 
27 33 22 13 42 20 42 44 49 20 35 20 12 36 18 30 10 43 49 0 
