1
10 15 23 26 27 36 48 49 53 54 57 63 68 80 83 84 87 88 90 100
11 16 12 11 37 13 41 44 21 27 25 12 20 34 15 39 20 21 18 12
8 3 9 1 10 1 7 10 9 3 3 4 6 7 3 10 4 4 4 7
8 10 2 4 6 8 1 9 8 1 10 2 6 3 1 8 10 1 5 2
785 574 767 92 583 520 50 713 101 526 644 949 506 524 126 548 231 331 855 726
0 32 21 12 10 33 4 1 7 8 24 35 6 24 13 22 8 20 13 17 
32 0 1 44 25 9 19 25 18 6 41 2 1 30 10 9 15 18 1 35 
21 1 0 9 10 22 12 6 32 2 32 39 29 20 18 15 8 23 4 7 
12 44 9 0 8 5 5 18 34 16 10 15 10 4 22 7 5 30 16 6 
10 25 10 8 0 8 13 28 13 18 14 23 11 10 15 9 23 28 7 15 
33 9 22 5 8 0 27 7 10 2 17 19 34 2 22 31 19 2 27 12 
4 19 12 5 13 27 0 1 1 17 3 3 3 18 11 2 12 10 26 2 
1 25 6 18 28 7 1 0 13 7 22 14 12 8 11 28 39 8 27 13 
7 18 32 34 13 10 1 13 0 21 29 9 10 7 24 25 5 29 20 2 
8 6 2 16 18 2 17 7 21 0 3 20 18 16 21 33 22 44 14 19 
24 41 32 10 14 17 3 22 29 3 0 22 5 12 8 1 4 10 5 43 
35 2 39 15 23 19 3 14 9 20 22 0 17 18 9 16 6 12 11 11 
6 1 29 10 11 34 3 12 10 18 5 17 0 33 15 25 16 38 2 33 
24 30 20 4 10 2 18 8 7 16 12 18 33 0 22 4 18 16 27 24 
13 10 18 22 15 22 11 11 24 21 8 9 15 22 0 3 26 31 16 14 
22 9 15 7 9 31 2 28 25 33 1 16 25 4 3 0 29 35 13 23 
8 15 8 5 23 19 12 39 5 22 4 6 16 18 26 29 0 20 15 2 
20 18 23 30 28 2 10 8 29 44 10 12 38 16 31 35 20 0 9 47 
13 1 4 16 7 27 26 27 20 14 5 11 2 27 16 13 15 9 0 15 
17 35 7 6 15 12 2 13 2 19 43 11 33 24 14 23 2 47 15 0

2
4 5 8 12 13 17 20 24 26 29 31 35 40 41 44 45 59 62 64 68 69 77 80 83 84 86 89 94
15 12 17 32 11 10 45 34 11 16 12 14 34 12 36 38 18 19 15 23 14 40 38 30 25 20 10 14
9 4 9 6 2 3 1 4 3 5 0 0 4 8 3 6 6 10 3 2 3 4 7 8 7 8 4 3
6 7 6 2 9 1 5 6 5 1 6 5 10 6 3 3 6 7 1 6 9 10 9 7 7 4 10 4
672 91 75 317 896 734 36 212 882 626 466 213 305 262 425 981 587 473 922 300 850 843 106 464 341 231 132 100
0 20 17 12 10 4 4 4 10 1 16 4 5 21 1 7 16 5 7 11 27 17 14 6 12 6 11 42 
20 0 7 4 17 21 4 2 4 10 20 1 26 29 3 4 24 23 10 11 30 28 13 42 24 8 6 8 
17 7 0 14 11 16 19 34 30 18 34 6 1 23 7 2 16 3 14 22 10 4 6 33 17 17 9 9 
12 4 14 0 11 7 4 26 45 1 19 36 20 7 11 32 23 5 4 2 32 9 4 2 14 9 8 4 
10 17 11 11 0 41 8 7 33 19 28 19 30 16 37 14 7 7 1 23 7 24 6 10 13 7 3 18 
4 21 16 7 41 0 14 27 18 6 14 9 19 3 5 2 11 4 9 5 34 8 8 47 2 2 10 25 
4 4 19 4 8 14 0 10 10 1 15 4 13 20 1 15 6 1 37 8 17 28 10 20 12 33 39 7 
4 2 34 26 7 27 10 0 21 4 11 8 18 5 16 10 1 20 2 10 4 8 17 17 15 16 8 9 
10 4 30 45 33 18 10 21 0 44 18 28 29 15 20 29 15 39 9 14 7 14 7 13 4 24 16 1 
1 10 18 1 19 6 1 4 44 0 33 22 5 2 14 12 13 14 22 7 4 2 8 28 14 10 9 7 
16 20 34 19 28 14 15 11 18 33 0 39 5 25 19 10 5 2 3 3 3 21 39 12 15 28 13 7 
4 1 6 36 19 9 4 8 28 22 39 0 13 2 23 25 44 33 25 43 43 15 26 10 17 39 19 8 
5 26 1 20 30 19 13 18 29 5 5 13 0 21 12 10 11 11 22 9 49 35 13 9 5 42 37 2 
21 29 23 7 16 3 20 5 15 2 25 2 21 0 5 28 10 28 20 1 32 14 17 19 13 1 39 33 
1 3 7 11 37 5 1 16 20 14 19 23 12 5 0 20 4 27 12 24 13 24 24 20 47 27 13 7 
7 4 2 32 14 2 15 10 29 12 10 25 10 28 20 0 21 1 2 4 20 33 11 27 8 27 22 11 
16 24 16 23 7 11 6 1 15 13 5 44 11 10 4 21 0 15 22 11 31 23 12 10 21 11 6 9 
5 23 3 5 7 4 1 20 39 14 2 33 11 28 27 1 15 0 11 9 19 3 14 38 13 8 10 4 
7 10 14 4 1 9 37 2 9 22 3 25 22 20 12 2 22 11 0 8 18 29 21 9 19 15 9 9 
11 11 22 2 23 5 8 10 14 7 3 43 9 1 24 4 11 9 8 0 4 1 16 24 11 22 21 8 
27 30 10 32 7 34 17 4 7 4 3 43 49 32 13 20 31 19 18 4 0 45 15 41 1 9 3 16 
17 28 4 9 24 8 28 8 14 2 21 15 35 14 24 33 23 3 29 1 45 0 7 15 22 3 7 9 
14 13 6 4 6 8 10 17 7 8 39 26 13 17 24 11 12 14 21 16 15 7 0 16 8 20 14 13 
6 42 33 2 10 47 20 17 13 28 12 10 9 19 20 27 10 38 9 24 41 15 16 0 12 12 19 35 
12 24 17 14 13 2 12 15 4 14 15 17 5 13 47 8 21 13 19 11 1 22 8 12 0 3 6 8 
6 8 17 9 7 2 33 16 24 10 28 39 42 1 27 27 11 8 15 22 9 3 20 12 3 0 9 26 
11 6 9 8 3 10 39 8 16 9 13 19 37 39 13 22 6 10 9 21 3 7 14 19 6 9 0 9 
42 8 9 4 18 25 7 9 1 7 7 8 2 33 7 11 9 4 9 8 16 9 13 35 8 26 9 0

3
22 38 61 67 70 76 91
36 18 10 35 11 24 34
3 5 1 5 8 3 4
6 3 5 8 4 10 1
490 814 366 541 768 887 27
0 1 23 31 6 29 19 
1 0 11 37 20 22 3 
23 11 0 11 1 19 10 
31 37 11 0 6 2 29 
6 20 1 6 0 29 4 
29 22 19 2 29 0 14 
19 3 10 29 4 14 0

4
3 5 9 10 11 12 14 15 17 29 32 35 36 40 41 43 46 50 51 54 55 56 57 58 60 61 62 64 65 70 73 76 80 81 83 85 86 87 90 92 95 97 98 99
16 39 17 12 32 17 15 40 10 15 19 17 17 20 10 24 12 36 11 24 12 12 10 32 27 10 17 10 38 11 32 17 20 10 23 10 31 15 19 29 13 13 39 10
8 5 6 2 2 4 9 8 9 8 4 4 0 6 1 4 5 9 6 4 2 1 3 5 9 2 9 0 1 4 10 8 7 8 9 9 1 5 6 6 6 8 1 5
6 3 3 8 6 5 4 1 2 9 2 8 2 3 2 3 5 9 4 3 5 6 2 9 8 5 6 1 1 4 7 9 7 10 8 9 3 10 6 7 7 4 1 6
564 695 853 204 482 424 892 718 842 33 430 706 334 558 262 759 195 7 257 570 50 293 506 868 361 63 544 364 544 768 916 932 622 660 270 956 650 167 242 35 713 104 368 798
0 31 41 46 19 19 10 9 3 2 5 19 12 9 24 8 43 2 7 13 3 20 28 17 6 9 2 2 24 3 4 6 7 5 10 39 23 3 7 15 31 37 30 3 
31 0 28 17 8 17 30 11 30 20 24 4 3 4 10 16 33 11 4 26 7 14 27 30 38 5 25 2 36 1 17 8 35 24 2 9 3 17 7 8 6 13 12 7 
41 28 0 2 27 7 5 15 16 27 20 6 3 18 20 45 7 24 8 8 7 7 9 26 5 14 6 27 3 21 22 11 39 1 19 13 16 9 21 1 6 36 14 6 
46 17 2 0 15 30 28 15 9 9 12 16 34 20 10 46 2 3 13 5 2 13 44 25 7 31 1 50 13 34 35 8 17 30 1 21 16 28 4 32 3 5 20 23 
19 8 27 15 0 30 6 22 2 6 13 1 3 7 18 14 8 6 4 6 31 26 18 13 15 13 27 3 16 16 27 1 29 7 1 13 15 20 10 17 3 3 32 10 
19 17 7 30 30 0 13 26 3 1 2 5 26 7 8 7 3 7 26 11 9 1 25 33 31 34 9 21 7 11 17 2 9 4 2 26 12 1 8 19 23 12 4 12 
10 30 5 28 6 13 0 17 39 11 9 29 30 5 14 18 12 45 4 8 5 6 9 29 16 23 42 1 5 7 12 23 16 3 2 5 14 6 3 15 17 12 19 4 
9 11 15 15 22 26 17 0 13 9 21 13 11 13 12 14 21 4 34 20 32 13 4 3 9 12 3 16 20 13 8 1 26 5 9 9 6 26 20 9 2 12 7 37 
3 30 16 9 2 3 39 13 0 6 44 22 34 21 23 20 8 33 16 9 1 6 21 34 7 17 23 16 13 23 18 7 21 22 43 14 7 19 15 9 23 7 18 28 
2 20 27 9 6 1 11 9 6 0 2 11 30 10 35 16 35 6 9 4 11 2 5 6 18 1 22 33 1 10 24 31 2 39 16 13 22 15 17 4 1 10 23 18 
5 24 20 12 13 2 9 21 44 2 0 19 9 21 1 33 20 1 37 25 8 15 16 10 5 25 1 14 15 28 25 5 3 11 20 3 22 26 23 9 28 2 4 14 
19 4 6 16 1 5 29 13 22 11 19 0 2 6 26 13 13 18 12 3 17 8 11 44 5 46 13 33 13 18 6 14 31 16 2 38 23 25 1 10 22 6 14 2 
12 3 3 34 3 26 30 11 34 30 9 2 0 9 30 10 41 34 6 20 15 13 9 10 12 25 33 17 6 16 5 7 16 24 16 24 39 14 17 6 12 1 11 16 
9 4 18 20 7 7 5 13 21 10 21 6 9 0 9 2 3 39 3 6 31 14 10 32 8 7 11 2 24 13 17 23 17 20 11 9 22 10 8 12 6 18 23 26 
24 10 20 10 18 8 14 12 23 35 1 26 30 9 0 7 11 10 5 13 9 10 17 23 6 37 4 4 7 31 2 21 28 15 17 15 11 14 14 36 17 15 6 16 
8 16 45 46 14 7 18 14 20 16 33 13 10 2 7 0 9 31 16 36 12 22 20 44 17 12 1 14 11 5 12 27 21 25 16 26 20 34 13 3 19 11 10 11 
43 33 7 2 8 3 12 21 8 35 20 13 41 3 11 9 0 17 6 10 6 30 7 23 8 13 11 5 38 17 13 39 29 34 4 13 13 19 11 15 37 11 25 30 
2 11 24 3 6 7 45 4 33 6 1 18 34 39 10 31 17 0 7 9 16 16 29 6 14 12 46 2 21 23 5 12 38 15 8 8 36 14 31 12 1 10 34 9 
7 4 8 13 4 26 4 34 16 9 37 12 6 3 5 16 6 7 0 5 4 2 32 9 14 3 17 31 3 35 31 16 38 34 22 42 44 8 28 18 18 3 3 2 
13 26 8 5 6 11 8 20 9 4 25 3 20 6 13 36 10 9 5 0 15 13 4 18 21 21 6 42 18 12 18 13 15 4 17 6 2 24 1 12 20 26 31 1 
3 7 7 2 31 9 5 32 1 11 8 17 15 31 9 12 6 16 4 15 0 10 22 45 24 26 13 10 8 20 3 13 11 23 7 32 31 21 24 19 3 4 12 11 
20 14 7 13 26 1 6 13 6 2 15 8 13 14 10 22 30 16 2 13 10 0 20 6 19 27 7 22 21 48 35 14 5 29 15 3 42 20 25 7 1 23 17 15 
28 27 9 44 18 25 9 4 21 5 16 11 9 10 17 20 7 29 32 4 22 20 0 4 10 1 1 26 19 1 4 39 8 9 6 12 28 12 26 6 33 25 19 18 
17 30 26 25 13 33 29 3 34 6 10 44 10 32 23 44 23 6 9 18 45 6 4 0 1 9 2 5 18 11 2 26 18 10 6 21 38 42 4 39 1 14 35 22 
6 38 5 7 15 31 16 9 7 18 5 5 12 8 6 17 8 14 14 21 24 19 10 1 0 7 26 13 30 22 4 34 1 29 9 4 23 3 16 22 34 26 25 7 
9 5 14 31 13 34 23 12 17 1 25 46 25 7 37 12 13 12 3 21 26 27 1 9 7 0 9 40 1 12 27 21 7 23 3 4 40 6 23 3 13 30 5 20 
2 25 6 1 27 9 42 3 23 22 1 13 33 11 4 1 11 46 17 6 13 7 1 2 26 9 0 16 21 20 42 7 12 12 32 3 15 7 18 24 13 1 24 16 
2 2 27 50 3 21 1 16 16 33 14 33 17 2 4 14 5 2 31 42 10 22 26 5 13 40 16 0 40 34 4 14 26 7 20 6 1 14 24 40 30 6 14 5 
24 36 3 13 16 7 5 20 13 1 15 13 6 24 7 11 38 21 3 18 8 21 19 18 30 1 21 40 0 7 18 18 12 21 39 11 25 39 20 23 38 27 24 25 
3 1 21 34 16 11 7 13 23 10 28 18 16 13 31 5 17 23 35 12 20 48 1 11 22 12 20 34 7 0 4 25 7 3 45 14 32 22 17 4 18 24 16 32 
4 17 22 35 27 17 12 8 18 24 25 6 5 17 2 12 13 5 31 18 3 35 4 2 4 27 42 4 18 4 0 12 28 31 8 8 9 10 12 18 25 26 21 9 
6 8 11 8 1 2 23 1 7 31 5 14 7 23 21 27 39 12 16 13 13 14 39 26 34 21 7 14 18 25 12 0 3 19 22 10 17 13 6 25 8 2 9 30 
7 35 39 17 29 9 16 26 21 2 3 31 16 17 28 21 29 38 38 15 11 5 8 18 1 7 12 26 12 7 28 3 0 12 21 20 25 20 14 34 2 27 31 10 
5 24 1 30 7 4 3 5 22 39 11 16 24 20 15 25 34 15 34 4 23 29 9 10 29 23 12 7 21 3 31 19 12 0 8 1 14 19 20 14 15 30 37 19 
10 2 19 1 1 2 2 9 43 16 20 2 16 11 17 16 4 8 22 17 7 15 6 6 9 3 32 20 39 45 8 22 21 8 0 16 13 44 11 23 39 5 23 20 
39 9 13 21 13 26 5 9 14 13 3 38 24 9 15 26 13 8 42 6 32 3 12 21 4 4 3 6 11 14 8 10 20 1 16 0 37 30 10 34 29 7 10 2 
23 3 16 16 15 12 14 6 7 22 22 23 39 22 11 20 13 36 44 2 31 42 28 38 23 40 15 1 25 32 9 17 25 14 13 37 0 30 9 9 4 3 24 17 
3 17 9 28 20 1 6 26 19 15 26 25 14 10 14 34 19 14 8 24 21 20 12 42 3 6 7 14 39 22 10 13 20 19 44 30 30 0 46 16 3 9 10 12 
7 7 21 4 10 8 3 20 15 17 23 1 17 8 14 13 11 31 28 1 24 25 26 4 16 23 18 24 20 17 12 6 14 20 11 10 9 46 0 27 11 13 18 1 
15 8 1 32 17 19 15 9 9 4 9 10 6 12 36 3 15 12 18 12 19 7 6 39 22 3 24 40 23 4 18 25 34 14 23 34 9 16 27 0 41 23 1 22 
31 6 6 3 3 23 17 2 23 1 28 22 12 6 17 19 37 1 18 20 3 1 33 1 34 13 13 30 38 18 25 8 2 15 39 29 4 3 11 41 0 21 11 4 
37 13 36 5 3 12 12 12 7 10 2 6 1 18 15 11 11 10 3 26 4 23 25 14 26 30 1 6 27 24 26 2 27 30 5 7 3 9 13 23 21 0 42 7 
30 12 14 20 32 4 19 7 18 23 4 14 11 23 6 10 25 34 3 31 12 17 19 35 25 5 24 14 24 16 21 9 31 37 23 10 24 10 18 1 11 42 0 3 
3 7 6 23 10 12 4 37 28 18 14 2 16 26 16 11 30 9 2 1 11 15 18 22 7 20 16 5 25 32 9 30 10 19 20 2 17 12 1 22 4 7 3 0

5
1 3 5 6 11 13 17 19 21 25 26 27 32 33 36 37 38 45 47 49 50 53 54 56 58 67 71 72 74 76 79 83 84 92 97 99
12 16 13 11 27 48 10 18 28 12 11 25 20 11 12 25 20 38 14 38 32 21 10 14 29 25 16 10 14 30 27 14 35 31 13 10
3 6 10 10 3 1 8 6 0 4 5 5 8 5 0 6 5 1 6 6 7 9 10 1 2 10 0 2 3 0 0 8 10 7 8 7
9 6 4 3 8 7 6 8 7 9 3 9 4 2 2 7 1 9 6 10 8 10 10 4 7 5 8 1 7 4 4 1 9 10 7 3
700 955 775 862 493 896 842 892 132 415 819 764 579 80 242 93 704 908 213 769 358 184 554 643 675 598 803 967 624 416 181 972 930 531 725 281
0 13 5 13 15 1 11 13 8 26 12 25 40 24 9 12 28 5 3 14 18 9 8 14 2 6 41 1 13 18 31 19 13 29 41 16 
13 0 23 31 17 17 8 2 12 15 27 8 20 17 28 14 18 19 5 1 4 3 32 14 36 36 43 32 16 4 10 11 36 31 3 1 
5 23 0 12 20 4 15 5 35 16 10 14 37 22 5 10 21 21 7 17 10 26 37 15 19 9 5 11 9 8 27 14 8 2 17 25 
13 31 12 0 3 9 38 24 8 17 8 13 2 17 39 5 16 9 35 14 2 6 13 14 8 36 24 14 17 9 18 19 22 19 19 1 
15 17 20 3 0 1 12 8 25 27 12 20 32 31 23 6 9 26 5 6 1 13 10 16 7 5 26 13 10 9 15 39 5 8 10 1 
1 17 4 9 1 0 34 5 15 39 23 22 13 16 8 41 8 9 7 13 14 1 28 2 13 2 15 4 21 43 11 1 14 10 15 17 
11 8 15 38 12 34 0 30 27 33 2 9 10 8 32 25 5 2 5 9 2 1 18 11 43 5 24 1 14 8 9 5 19 4 20 10 
13 2 5 24 8 5 30 0 1 15 16 41 3 4 6 21 2 4 29 21 18 13 2 1 17 2 6 5 16 8 11 33 16 2 15 15 
8 12 35 8 25 15 27 1 0 1 9 2 11 15 16 31 7 21 35 28 42 10 15 37 16 8 3 9 24 25 31 26 12 19 19 20 
26 15 16 17 27 39 33 15 1 0 17 1 14 15 4 30 1 3 13 6 5 32 1 24 29 11 8 4 9 10 22 9 13 3 36 17 
12 27 10 8 12 23 2 16 9 17 0 9 17 3 31 7 27 25 34 5 25 23 21 17 9 28 29 15 14 14 27 17 4 10 35 34 
25 8 14 13 20 22 9 41 2 1 9 0 18 14 1 11 6 13 10 3 6 22 1 1 1 16 12 4 3 4 2 7 39 10 30 12 
40 20 37 2 32 13 10 3 11 14 17 18 0 12 18 18 27 26 7 12 16 45 10 14 20 1 23 6 16 22 1 1 18 14 9 12 
24 17 22 17 31 16 8 4 15 15 3 14 12 0 13 31 37 32 13 8 12 16 38 12 28 17 10 14 9 10 16 39 4 24 23 1 
9 28 5 39 23 8 32 6 16 4 31 1 18 13 0 1 25 9 13 17 42 11 13 7 11 46 2 7 37 28 9 22 2 22 44 11 
12 14 10 5 6 41 25 21 31 30 7 11 18 31 1 0 16 16 24 18 11 42 19 4 3 15 15 14 32 18 10 20 3 1 17 6 
28 18 21 16 9 8 5 2 7 1 27 6 27 37 25 16 0 28 2 8 35 21 8 11 16 27 4 23 2 6 10 2 13 2 14 13 
5 19 21 9 26 9 2 4 21 3 25 13 26 32 9 16 28 0 32 25 6 11 32 2 18 13 10 6 11 10 42 16 11 25 9 10 
3 5 7 35 5 7 5 29 35 13 34 10 7 13 13 24 2 32 0 9 7 25 34 25 42 12 3 17 12 7 19 44 14 23 6 1 
14 1 17 14 6 13 9 21 28 6 5 3 12 8 17 18 8 25 9 0 31 1 4 2 19 8 37 9 28 4 17 7 23 46 10 25 
18 4 10 2 1 14 2 18 42 5 25 6 16 12 42 11 35 6 7 31 0 4 35 12 7 10 30 3 35 25 8 17 6 8 8 7 
9 3 26 6 13 1 1 13 10 32 23 22 45 16 11 42 21 11 25 1 4 0 12 21 3 39 1 12 20 28 14 27 28 2 13 18 
8 32 37 13 10 28 18 2 15 1 21 1 10 38 13 19 8 32 34 4 35 12 0 5 32 12 12 8 15 26 8 1 26 8 17 4 
14 14 15 14 16 2 11 1 37 24 17 1 14 12 7 4 11 2 25 2 12 21 5 0 19 13 4 2 4 4 13 15 14 10 1 4 
2 36 19 8 7 13 43 17 16 29 9 1 20 28 11 3 16 18 42 19 7 3 32 19 0 6 15 19 1 13 14 1 5 7 5 45 
6 36 9 36 5 2 5 2 8 11 28 16 1 17 46 15 27 13 12 8 10 39 12 13 6 0 5 29 24 14 40 11 18 6 14 21 
41 43 5 24 26 15 24 6 3 8 29 12 23 10 2 15 4 10 3 37 30 1 12 4 15 5 0 19 11 37 18 8 16 13 26 27 
1 32 11 14 13 4 1 5 9 4 15 4 6 14 7 14 23 6 17 9 3 12 8 2 19 29 19 0 5 39 3 16 8 10 46 24 
13 16 9 17 10 21 14 16 24 9 14 3 16 9 37 32 2 11 12 28 35 20 15 4 1 24 11 5 0 14 19 14 2 1 13 26 
18 4 8 9 9 43 8 8 25 10 14 4 22 10 28 18 6 10 7 4 25 28 26 4 13 14 37 39 14 0 9 1 26 7 1 8 
31 10 27 18 15 11 9 11 31 22 27 2 1 16 9 10 10 42 19 17 8 14 8 13 14 40 18 3 19 9 0 37 1 19 2 1 
19 11 14 19 39 1 5 33 26 9 17 7 1 39 22 20 2 16 44 7 17 27 1 15 1 11 8 16 14 1 37 0 7 36 5 32 
13 36 8 22 5 14 19 16 12 13 4 39 18 4 2 3 13 11 14 23 6 28 26 14 5 18 16 8 2 26 1 7 0 4 3 4 
29 31 2 19 8 10 4 2 19 3 10 10 14 24 22 1 2 25 23 46 8 2 8 10 7 6 13 10 1 7 19 36 4 0 27 7 
41 3 17 19 10 15 20 15 19 36 35 30 9 23 44 17 14 9 6 10 8 13 17 1 5 14 26 46 13 1 2 5 3 27 0 8 
16 1 25 1 1 17 10 15 20 17 34 12 12 1 11 6 13 10 1 25 7 18 4 4 45 21 27 24 26 8 1 32 4 7 8 0

6
1 10 13 27 28 44 45 48 57 69 84 85 86 91 94 95 100
32 13 36 23 12 23 36 25 30 17 25 10 20 23 12 13 13
9 6 5 3 7 5 5 5 5 6 4 9 8 7 3 0 5
1 10 3 7 5 4 3 7 3 2 1 5 6 3 6 6 5
256 256 715 672 746 581 61 653 623 393 930 655 650 173 416 109 647
0 21 1 6 9 9 8 9 5 3 18 5 10 9 38 4 3 
21 0 18 8 39 2 9 18 22 23 7 5 5 19 27 3 12 
1 18 0 9 17 34 16 5 16 18 13 1 10 14 12 13 25 
6 8 9 0 32 21 9 1 10 17 15 5 20 9 8 11 5 
9 39 17 32 0 36 6 28 4 32 11 20 3 15 22 44 10 
9 2 34 21 36 0 11 2 18 1 2 3 10 17 22 21 14 
8 9 16 9 6 11 0 27 5 21 43 20 34 4 10 27 27 
9 18 5 1 28 2 27 0 8 23 20 19 31 4 8 7 2 
5 22 16 10 4 18 5 8 0 28 2 10 15 9 6 26 39 
3 23 18 17 32 1 21 23 28 0 3 14 7 3 6 34 6 
18 7 13 15 11 2 43 20 2 3 0 8 4 24 20 19 15 
5 5 1 5 20 3 20 19 10 14 8 0 32 33 39 2 11 
10 5 10 20 3 10 34 31 15 7 4 32 0 18 19 14 23 
9 19 14 9 15 17 4 4 9 3 24 33 18 0 32 10 1 
38 27 12 8 22 22 10 8 6 6 20 39 19 32 0 19 7 
4 3 13 11 44 21 27 7 26 34 19 2 14 10 19 0 1 
3 12 25 5 10 14 27 2 39 6 15 11 23 1 7 1 0

7
3 11 29 31 34 37 54 65 68 76 83 84 89 93
11 38 10 25 11 25 14 10 12 27 17 33 11 11
9 1 4 3 3 3 5 2 10 3 7 1 10 1
7 8 3 4 3 8 5 5 8 7 9 7 8 3
294 921 20 804 997 455 237 584 128 782 31 879 546 141
0 1 14 8 22 19 21 4 44 11 6 20 17 4 
1 0 35 5 22 7 11 6 5 2 22 5 25 13 
14 35 0 16 19 8 1 17 5 35 8 10 21 1 
8 5 16 0 7 12 19 27 1 5 15 13 8 17 
22 22 19 7 0 15 21 9 11 44 15 8 6 5 
19 7 8 12 15 0 3 28 7 6 3 12 6 13 
21 11 1 19 21 3 0 23 13 28 23 27 4 22 
4 6 17 27 9 28 23 0 13 32 3 6 9 5 
44 5 5 1 11 7 13 13 0 10 19 19 24 1 
11 2 35 5 44 6 28 32 10 0 5 4 11 9 
6 22 8 15 15 3 23 3 19 5 0 5 11 13 
20 5 10 13 8 12 27 6 19 4 5 0 39 17 
17 25 21 8 6 6 4 9 24 11 11 39 0 13 
4 13 1 17 5 13 22 5 1 9 13 17 13 0

8
1 2 3 4 6 9 12 16 17 18 19 22 23 24 26 28 29 30 35 39 40 42 43 45 49 50 52 53 54 55 57 58 59 61 62 63 64 66 76 80 81 82 85 92 94 99 100
23 11 18 21 15 11 45 28 10 29 16 23 13 41 13 12 12 21 14 13 18 28 17 35 14 44 38 25 26 17 13 37 22 11 26 38 11 26 14 36 10 12 10 13 29 13 10
3 4 10 8 3 7 9 9 8 10 9 0 10 9 4 4 6 5 6 6 3 10 8 6 5 1 7 10 2 2 7 7 9 7 1 6 5 3 10 0 9 6 9 3 9 5 7
2 4 1 2 10 8 10 8 9 1 7 6 10 2 10 4 9 1 8 5 3 3 1 1 3 9 9 1 8 7 3 2 2 5 2 7 2 6 4 5 7 9 2 2 10 10 9
523 891 986 266 919 266 82 85 14 186 506 485 394 638 991 293 103 807 724 786 769 268 556 763 713 721 422 846 624 124 623 720 364 944 636 979 299 39 914 2 660 923 640 137 936 702 367
0 24 31 23 4 17 1 10 10 16 6 20 15 36 7 22 13 41 15 15 27 8 1 9 5 6 4 6 25 9 9 4 29 8 7 8 5 10 5 4 28 5 19 18 36 20 16 
24 0 13 23 9 22 13 5 4 31 3 9 22 24 5 31 14 18 26 6 20 33 5 10 2 34 10 34 10 16 13 27 28 41 2 14 5 19 9 5 41 19 8 11 45 39 18 
31 13 0 3 21 4 11 3 14 11 22 1 5 10 21 24 12 14 2 6 3 12 11 10 8 2 23 15 36 29 9 29 13 8 18 20 32 14 28 6 1 32 27 10 20 10 21 
23 23 3 0 4 4 13 9 27 2 32 22 48 9 6 31 4 1 1 24 42 18 27 22 19 15 25 8 19 3 4 42 18 10 1 26 10 12 12 13 12 24 13 4 36 25 7 
4 9 21 4 0 11 9 11 7 6 29 16 7 2 15 11 1 12 23 2 12 5 4 6 6 21 16 10 3 37 19 6 1 1 21 4 7 27 16 7 37 12 9 20 37 3 16 
17 22 4 4 11 0 21 9 7 22 9 1 41 9 32 22 1 25 9 2 1 5 12 42 24 30 16 13 18 4 26 11 15 12 12 30 6 5 8 2 8 13 40 2 4 8 6 
1 13 11 13 9 21 0 8 10 10 28 29 6 37 3 4 2 28 24 22 8 12 27 32 7 2 7 8 6 15 1 32 14 35 3 2 9 45 44 13 8 2 33 18 8 16 20 
10 5 3 9 11 9 8 0 2 8 43 6 3 11 4 24 8 11 3 11 8 2 44 9 18 16 4 19 9 43 22 38 11 31 3 6 8 21 23 5 2 11 18 23 11 16 9 
10 4 14 27 7 7 10 2 0 19 27 19 42 21 20 2 8 19 10 44 17 13 1 16 5 31 1 4 12 4 39 42 18 16 25 7 42 7 2 12 17 7 10 3 36 28 3 
16 31 11 2 6 22 10 8 19 0 10 30 27 25 14 15 6 6 14 21 20 32 14 27 23 13 8 26 16 3 2 10 11 34 1 21 10 11 32 3 9 3 10 23 4 13 16 
6 3 22 32 29 9 28 43 27 10 0 1 10 15 10 4 25 7 18 2 1 15 5 36 2 3 33 9 5 4 14 8 10 5 6 14 8 30 2 2 16 5 23 14 7 21 22 
20 9 1 22 16 1 29 6 19 30 1 0 25 30 3 40 11 20 1 13 28 14 42 5 9 17 13 4 10 15 25 46 7 13 16 4 27 4 5 21 11 10 22 11 5 40 1 
15 22 5 48 7 41 6 3 42 27 10 25 0 4 6 19 3 4 6 28 21 37 27 44 26 22 8 31 3 25 31 48 20 1 4 11 16 23 14 17 14 23 14 10 6 6 4 
36 24 10 9 2 9 37 11 21 25 15 30 4 0 30 2 10 12 11 41 5 7 5 15 4 13 10 13 6 16 24 19 40 4 1 49 13 1 28 27 5 9 21 3 7 12 48 
7 5 21 6 15 32 3 4 20 14 10 3 6 30 0 13 43 5 23 3 26 16 17 42 26 25 3 39 21 5 17 3 40 10 3 13 1 37 17 7 7 4 12 14 16 12 2 
22 31 24 31 11 22 4 24 2 15 4 40 19 2 13 0 5 13 36 9 18 18 38 29 8 12 26 16 2 5 9 21 27 2 33 29 13 24 10 4 4 10 10 8 15 13 19 
13 14 12 4 1 1 2 8 8 6 25 11 3 10 43 5 0 13 7 16 13 40 7 7 5 28 9 35 9 16 5 10 31 20 40 5 43 44 32 4 2 22 3 31 7 6 30 
41 18 14 1 12 25 28 11 19 6 7 20 4 12 5 13 13 0 2 1 8 12 8 15 40 8 12 26 1 28 16 8 30 14 33 18 33 45 25 21 12 12 17 16 6 3 16 
15 26 2 1 23 9 24 3 10 14 18 1 6 11 23 36 7 2 0 16 26 8 13 17 8 5 10 22 4 18 9 48 4 43 22 3 18 9 42 5 33 21 25 17 30 37 10 
15 6 6 24 2 2 22 11 44 21 2 13 28 41 3 9 16 1 16 0 3 7 8 12 24 14 2 7 27 9 25 13 14 19 22 28 15 11 18 26 16 6 14 29 18 17 13 
27 20 3 42 12 1 8 8 17 20 1 28 21 5 26 18 13 8 26 3 0 13 5 5 24 41 32 22 6 30 5 20 4 15 6 23 20 8 23 1 21 5 14 3 6 28 6 
8 33 12 18 5 5 12 2 13 32 15 14 37 7 16 18 40 12 8 7 13 0 7 3 13 37 11 5 12 6 25 22 24 1 19 46 10 7 3 31 2 15 17 15 15 22 6 
1 5 11 27 4 12 27 44 1 14 5 42 27 5 17 38 7 8 13 8 5 7 0 14 23 21 8 5 18 10 25 43 9 1 4 6 19 22 15 9 11 4 33 33 25 6 5 
9 10 10 22 6 42 32 9 16 27 36 5 44 15 42 29 7 15 17 12 5 3 14 0 25 14 13 2 30 43 10 13 7 12 7 9 12 13 10 11 3 12 17 19 6 14 34 
5 2 8 19 6 24 7 18 5 23 2 9 26 4 26 8 5 40 8 24 24 13 23 25 0 28 17 11 11 19 2 27 3 10 10 30 27 23 16 5 8 16 25 26 5 17 19 
6 34 2 15 21 30 2 16 31 13 3 17 22 13 25 12 28 8 5 14 41 37 21 14 28 0 17 12 31 7 18 10 7 15 33 6 11 4 3 40 10 10 20 32 35 10 36 
4 10 23 25 16 16 7 4 1 8 33 13 8 10 3 26 9 12 10 2 32 11 8 13 17 17 0 26 14 12 4 1 12 9 23 2 3 14 9 28 20 16 2 21 14 1 24 
6 34 15 8 10 13 8 19 4 26 9 4 31 13 39 16 35 26 22 7 22 5 5 2 11 12 26 0 24 6 30 5 7 11 15 7 32 1 17 24 8 16 11 20 19 7 10 
25 10 36 19 3 18 6 9 12 16 5 10 3 6 21 2 9 1 4 27 6 12 18 30 11 31 14 24 0 15 10 5 13 11 5 1 15 31 14 28 6 34 9 32 9 2 21 
9 16 29 3 37 4 15 43 4 3 4 15 25 16 5 5 16 28 18 9 30 6 10 43 19 7 12 6 15 0 17 45 9 23 4 12 6 19 3 7 18 6 33 21 27 8 17 
9 13 9 4 19 26 1 22 39 2 14 25 31 24 17 9 5 16 9 25 5 25 25 10 2 18 4 30 10 17 0 3 5 16 12 7 8 10 17 2 9 2 14 19 11 7 5 
4 27 29 42 6 11 32 38 42 10 8 46 48 19 3 21 10 8 48 13 20 22 43 13 27 10 1 5 5 45 3 0 13 5 6 2 31 15 6 28 28 19 20 25 7 32 6 
29 28 13 18 1 15 14 11 18 11 10 7 20 40 40 27 31 30 4 14 4 24 9 7 3 7 12 7 13 9 5 13 0 9 19 3 8 29 29 10 30 21 18 8 26 17 11 
8 41 8 10 1 12 35 31 16 34 5 13 1 4 10 2 20 14 43 19 15 1 1 12 10 15 9 11 11 23 16 5 9 0 8 1 28 4 23 11 11 8 2 8 8 18 43 
7 2 18 1 21 12 3 3 25 1 6 16 4 1 3 33 40 33 22 22 6 19 4 7 10 33 23 15 5 4 12 6 19 8 0 13 12 12 33 19 47 19 30 21 21 18 15 
8 14 20 26 4 30 2 6 7 21 14 4 11 49 13 29 5 18 3 28 23 46 6 9 30 6 2 7 1 12 7 2 3 1 13 0 2 35 27 40 22 2 6 29 21 5 10 
5 5 32 10 7 6 9 8 42 10 8 27 16 13 1 13 43 33 18 15 20 10 19 12 27 11 3 32 15 6 8 31 8 28 12 2 0 28 30 24 2 21 5 31 5 2 14 
10 19 14 12 27 5 45 21 7 11 30 4 23 1 37 24 44 45 9 11 8 7 22 13 23 4 14 1 31 19 10 15 29 4 12 35 28 0 18 30 4 35 22 33 7 3 33 
5 9 28 12 16 8 44 23 2 32 2 5 14 28 17 10 32 25 42 18 23 3 15 10 16 3 9 17 14 3 17 6 29 23 33 27 30 18 0 19 25 37 11 18 37 1 37 
4 5 6 13 7 2 13 5 12 3 2 21 17 27 7 4 4 21 5 26 1 31 9 11 5 40 28 24 28 7 2 28 10 11 19 40 24 30 19 0 5 17 10 47 5 15 29 
28 41 1 12 37 8 8 2 17 9 16 11 14 5 7 4 2 12 33 16 21 2 11 3 8 10 20 8 6 18 9 28 30 11 47 22 2 4 25 5 0 32 10 1 32 4 3 
5 19 32 24 12 13 2 11 7 3 5 10 23 9 4 10 22 12 21 6 5 15 4 12 16 10 16 16 34 6 2 19 21 8 19 2 21 35 37 17 32 0 6 4 1 26 8 
19 8 27 13 9 40 33 18 10 10 23 22 14 21 12 10 3 17 25 14 14 17 33 17 25 20 2 11 9 33 14 20 18 2 30 6 5 22 11 10 10 6 0 27 3 4 13 
18 11 10 4 20 2 18 23 3 23 14 11 10 3 14 8 31 16 17 29 3 15 33 19 26 32 21 20 32 21 19 25 8 8 21 29 31 33 18 47 1 4 27 0 7 3 9 
36 45 20 36 37 4 8 11 36 4 7 5 6 7 16 15 7 6 30 18 6 15 25 6 5 35 14 19 9 27 11 7 26 8 21 21 5 7 37 5 32 1 3 7 0 14 5 
20 39 10 25 3 8 16 16 28 13 21 40 6 12 12 13 6 3 37 17 28 22 6 14 17 10 1 7 2 8 7 32 17 18 18 5 2 3 1 15 4 26 4 3 14 0 35 
16 18 21 7 16 6 20 9 3 16 22 1 4 48 2 19 30 16 10 13 6 6 5 34 19 36 24 10 21 17 5 6 11 43 15 10 14 33 37 29 3 8 13 9 5 35 0

9
2 6 8 11 13 16 19 20 25 27 31 40 44 46 47 52 53 56 59 64 65 69 70 73 75 78 79 80 84 87 88 90 95 97
22 12 11 29 37 14 18 21 11 22 32 27 14 14 13 23 27 14 27 13 21 25 15 16 10 10 24 28 24 27 12 16 10 14
0 1 0 1 9 5 3 2 2 3 10 3 3 7 8 3 7 6 0 9 5 3 9 2 3 0 1 9 1 0 4 3 2 9
4 3 1 5 8 2 4 10 5 3 5 1 7 2 1 2 3 8 10 6 9 8 7 7 5 7 6 4 5 2 7 8 9 3
860 82 127 157 652 972 655 95 415 20 804 459 581 107 808 939 101 650 587 364 544 325 768 829 25 801 647 622 37 989 25 817 721 448
0 8 1 36 12 29 1 8 2 38 21 22 7 33 24 16 25 13 17 5 13 7 10 1 32 9 22 26 18 42 10 17 18 46 
8 0 40 3 13 17 5 19 4 11 24 8 5 15 7 15 9 6 11 35 5 6 6 22 2 16 16 4 5 21 12 38 15 27 
1 40 0 21 10 28 32 1 26 11 14 34 5 26 4 9 1 11 17 31 10 5 9 18 16 8 11 38 1 1 4 39 23 4 
36 3 21 0 12 34 29 20 3 23 17 6 21 33 12 11 27 18 39 12 15 18 7 29 44 7 2 22 6 27 4 11 4 5 
12 13 10 12 0 21 16 15 20 36 23 12 3 15 23 19 12 26 11 6 30 5 28 33 3 13 3 17 3 3 9 26 14 17 
29 17 28 34 21 0 34 3 11 8 1 19 25 6 3 1 5 10 6 5 6 14 2 10 12 6 11 14 17 19 34 3 11 9 
1 5 32 29 16 34 0 14 19 10 26 8 4 6 17 11 12 8 10 8 3 29 13 1 10 13 9 42 6 39 16 23 8 12 
8 19 1 20 15 3 14 0 5 3 11 11 3 7 3 46 3 14 13 16 18 24 43 4 3 33 6 18 22 14 19 13 15 8 
2 4 26 3 20 11 19 5 0 2 5 24 3 2 15 39 43 23 22 8 10 4 2 3 7 8 18 1 32 49 8 7 13 30 
38 11 11 23 36 8 10 3 2 0 16 19 10 14 8 7 22 26 6 14 3 16 6 30 8 43 18 10 30 12 10 3 6 9 
21 24 14 17 23 1 26 11 5 16 0 5 21 19 35 10 8 3 6 1 4 29 6 16 43 11 21 9 4 22 12 14 7 3 
22 8 34 6 12 19 8 11 24 19 5 0 18 7 6 36 16 3 30 19 30 44 10 3 26 23 1 9 8 13 3 16 10 25 
7 5 5 21 3 25 4 3 3 10 21 18 0 13 42 8 4 3 13 10 17 21 18 8 7 32 37 25 49 21 6 15 31 4 
33 15 26 33 15 6 6 7 2 14 19 7 13 0 2 45 39 21 24 6 8 28 3 8 10 13 6 4 24 34 15 17 12 3 
24 7 4 12 23 3 17 3 15 8 35 6 42 2 0 40 27 23 24 22 6 11 11 9 12 14 8 10 6 34 37 20 28 6 
16 15 9 11 19 1 11 46 39 7 10 36 8 45 40 0 45 16 3 7 11 10 2 44 10 7 14 19 21 39 31 12 20 8 
25 9 1 27 12 5 12 3 43 22 8 16 4 39 27 45 0 33 1 6 21 14 4 18 23 12 11 3 1 13 31 22 26 26 
13 6 11 18 26 10 8 14 23 26 3 3 3 21 23 16 33 0 8 27 40 6 10 27 20 24 12 3 24 11 3 42 28 12 
17 11 17 39 11 6 10 13 22 6 6 30 13 24 24 3 1 8 0 34 8 31 44 25 2 7 23 7 10 13 3 7 8 16 
5 35 31 12 6 5 8 16 8 14 1 19 10 6 22 7 6 27 34 0 45 16 13 13 12 1 25 17 4 20 1 7 31 24 
13 5 10 15 30 6 3 18 10 3 4 30 17 8 6 11 21 40 8 45 0 6 19 19 45 25 15 1 3 17 8 25 33 18 
7 6 5 18 5 14 29 24 4 16 29 44 21 28 11 10 14 6 31 16 6 0 17 14 12 20 27 17 13 3 2 6 28 21 
10 6 9 7 28 2 13 43 2 6 6 10 18 3 11 2 4 10 44 13 19 17 0 12 17 17 15 2 5 29 13 16 17 10 
1 22 18 29 33 10 1 4 3 30 16 3 8 8 9 44 18 27 25 13 19 14 12 0 20 42 12 25 5 43 47 1 24 5 
32 2 16 44 3 12 10 3 7 8 43 26 7 10 12 10 23 20 2 12 45 12 17 20 0 11 19 3 6 37 7 14 6 2 
9 16 8 7 13 6 13 33 8 43 11 23 32 13 14 7 12 24 7 1 25 20 17 42 11 0 11 14 3 10 11 18 31 37 
22 16 11 2 3 11 9 6 18 18 21 1 37 6 8 14 11 12 23 25 15 27 15 12 19 11 0 11 24 6 17 45 11 5 
26 4 38 22 17 14 42 18 1 10 9 9 25 4 10 19 3 3 7 17 1 17 2 25 3 14 11 0 1 16 6 8 13 1 
18 5 1 6 3 17 6 22 32 30 4 8 49 24 6 21 1 24 10 4 3 13 5 5 6 3 24 1 0 21 13 16 35 19 
42 21 1 27 3 19 39 14 49 12 22 13 21 34 34 39 13 11 13 20 17 3 29 43 37 10 6 16 21 0 33 19 13 2 
10 12 4 4 9 34 16 19 8 10 12 3 6 15 37 31 31 3 3 1 8 2 13 47 7 11 17 6 13 33 0 4 9 4 
17 38 39 11 26 3 23 13 7 3 14 16 15 17 20 12 22 42 7 7 25 6 16 1 14 18 45 8 16 19 4 0 3 1 
18 15 23 4 14 11 8 15 13 6 7 10 31 12 28 20 26 28 8 31 33 28 17 24 6 31 11 13 35 13 9 3 0 17 
46 27 4 5 17 9 12 8 30 9 3 25 4 3 6 8 26 12 16 24 18 21 10 5 2 37 5 1 19 2 4 1 17 0

10
42 56 62 66 76 77 79 88
16 12 10 20 20 35 17 15
0 1 8 3 8 6 10 2
9 5 7 4 7 6 5 1
87 181 912 404 145 568 625 25
0 13 15 15 16 6 19 8 
13 0 3 12 6 6 26 21 
15 3 0 8 26 11 8 16 
15 12 8 0 32 3 14 11 
16 6 26 32 0 4 11 17 
6 6 11 3 4 0 2 12 
19 26 8 14 11 2 0 4 
8 21 16 11 17 12 4 0

11
1 2 8 13 15 27 38 48 49 51 55 58 59 71 79 82 91 93 97
31 45 19 18 20 25 24 26 16 10 13 11 26 13 30 13 29 12 12
1 6 4 4 0 1 0 3 9 7 8 6 8 0 3 10 3 7 0
4 4 2 5 2 4 1 2 9 7 7 1 10 4 1 4 5 7 1
802 209 75 581 906 20 456 372 898 260 660 684 364 800 244 55 377 350 172
0 18 10 14 17 42 11 15 14 13 5 10 17 2 17 6 12 11 22 
18 0 15 12 29 36 28 12 23 25 16 25 23 10 6 7 37 37 31 
10 15 0 12 27 2 25 11 1 31 11 4 18 16 8 16 24 20 26 
14 12 12 0 5 27 2 9 1 35 12 9 17 17 11 6 28 6 8 
17 29 27 5 0 6 29 2 7 41 24 3 21 26 4 6 3 14 18 
42 36 2 27 6 0 14 2 28 7 6 26 3 14 11 38 27 10 11 
11 28 25 2 29 14 0 15 13 33 7 7 7 7 21 1 8 25 7 
15 12 11 9 2 2 15 0 13 17 32 28 5 8 30 21 9 6 22 
14 23 1 1 7 28 13 13 0 37 18 15 12 5 25 12 8 12 4 
13 25 31 35 41 7 33 17 37 0 10 13 10 11 21 4 6 4 8 
5 16 11 12 24 6 7 32 18 10 0 5 10 12 8 12 9 6 8 
10 25 4 9 3 26 7 28 15 13 5 0 7 28 7 25 5 34 20 
17 23 18 17 21 3 7 5 12 10 10 7 0 25 4 12 8 8 14 
2 10 16 17 26 14 7 8 5 11 12 28 25 0 13 1 9 11 27 
17 6 8 11 4 11 21 30 25 21 8 7 4 13 0 35 31 6 4 
6 7 16 6 6 38 1 21 12 4 12 25 12 1 35 0 18 17 44 
12 37 24 28 3 27 8 9 8 6 9 5 8 9 31 18 0 9 15 
11 37 20 6 14 10 25 6 12 4 6 34 8 11 6 17 9 0 34 
22 31 26 8 18 11 7 22 4 8 8 20 14 27 4 44 15 34 0

12
4 5 6 8 12 18 21 29 30 33 37 38 39 47 50 52 60 66 67 69 70 73 74 76 80 88 90 98 100
13 18 18 19 30 20 10 17 22 11 13 23 21 27 19 16 21 39 43 15 15 38 20 30 38 16 13 16 26
10 0 4 5 1 1 9 7 7 6 0 10 9 9 7 10 6 7 9 5 2 2 0 10 2 1 0 8 5
7 4 2 3 5 9 9 2 1 3 4 9 9 9 1 7 8 2 6 6 7 1 10 8 2 6 6 9 1
672 897 862 649 424 281 49 632 802 708 451 571 363 398 87 422 749 956 975 291 768 451 476 722 106 947 245 569 726
0 14 5 12 39 30 14 4 12 4 6 23 39 23 27 8 28 2 36 5 5 11 13 5 14 8 19 6 2 
14 0 9 5 20 9 44 2 25 13 28 4 14 8 3 23 6 3 8 32 6 25 15 10 29 19 29 1 1 
5 9 0 6 16 9 22 19 19 14 39 3 12 16 15 13 19 28 23 20 6 4 29 15 11 12 21 16 17 
12 5 6 0 27 13 11 13 41 12 17 27 9 31 9 8 40 12 11 7 2 1 2 20 15 4 40 9 3 
39 20 16 27 0 12 4 16 22 27 20 12 23 24 16 15 20 24 2 27 1 3 33 21 7 36 11 9 22 
30 9 9 13 12 0 9 27 26 10 13 20 10 5 7 3 20 7 26 1 4 9 16 27 21 10 8 6 10 
14 44 22 11 4 9 0 42 22 2 24 24 10 17 5 1 11 2 2 1 7 5 8 26 3 9 20 36 10 
4 2 19 13 16 27 42 0 27 13 1 17 7 11 31 1 5 22 22 14 22 44 23 42 8 11 42 22 33 
12 25 19 41 22 26 22 27 0 1 36 38 9 7 8 7 11 9 13 3 4 13 19 26 9 15 16 2 14 
4 13 14 12 27 10 2 13 1 0 27 29 4 25 7 14 27 1 16 4 5 42 29 21 6 3 48 3 23 
6 28 39 17 20 13 24 1 36 27 0 3 3 6 18 12 10 3 31 8 14 11 15 21 10 24 12 5 9 
23 4 3 27 12 20 24 17 38 29 3 0 13 11 37 9 16 8 8 8 26 8 10 12 9 16 14 7 32 
39 14 12 9 23 10 10 7 9 4 3 13 0 37 43 29 25 1 10 24 18 20 18 7 15 2 17 3 20 
23 8 16 31 24 5 17 11 7 25 6 11 37 0 12 13 6 10 2 6 27 23 24 15 2 1 3 1 15 
27 3 15 9 16 7 5 31 8 7 18 37 43 12 0 5 38 1 23 22 11 1 8 24 8 36 9 34 36 
8 23 13 8 15 3 1 1 7 14 12 9 29 13 5 0 22 15 3 25 2 20 16 16 4 3 28 9 12 
28 6 19 40 20 20 11 5 11 27 10 16 25 6 38 22 0 27 12 3 7 17 14 32 12 18 27 8 4 
2 3 28 12 24 7 2 22 9 1 3 8 1 10 1 15 27 0 15 10 1 38 10 13 17 12 20 8 31 
36 8 23 11 2 26 2 22 13 16 31 8 10 2 23 3 12 15 0 38 11 19 10 5 7 1 17 32 8 
5 32 20 7 27 1 1 14 3 4 8 8 24 6 22 25 3 10 38 0 25 4 2 43 13 2 32 17 22 
5 6 6 2 1 4 7 22 4 5 14 26 18 27 11 2 7 1 11 25 0 15 24 21 7 25 2 41 2 
11 25 4 1 3 9 5 44 13 42 11 8 20 23 1 20 17 38 19 4 15 0 7 6 25 21 11 15 15 
13 15 29 2 33 16 8 23 19 29 15 10 18 24 8 16 14 10 10 2 24 7 0 11 6 11 10 38 10 
5 10 15 20 21 27 26 42 26 21 21 12 7 15 24 16 32 13 5 43 21 6 11 0 22 7 13 25 23 
14 29 11 15 7 21 3 8 9 6 10 9 15 2 8 4 12 17 7 13 7 25 6 22 0 14 25 24 41 
8 19 12 4 36 10 9 11 15 3 24 16 2 1 36 3 18 12 1 2 25 21 11 7 14 0 12 14 24 
19 29 21 40 11 8 20 42 16 48 12 14 17 3 9 28 27 20 17 32 2 11 10 13 25 12 0 22 1 
6 1 16 9 9 6 36 22 2 3 5 7 3 1 34 9 8 8 32 17 41 15 38 25 24 14 22 0 1 
2 1 17 3 22 10 10 33 14 23 9 32 20 15 36 12 4 31 8 22 2 15 10 23 41 24 1 1 0

13
49 50 66 75
42 25 17 11
10 3 9 4
9 5 1 7
769 53 260 355
0 27 14 14 
27 0 6 3 
14 6 0 17 
14 3 17 0

14
12 34 55 79
49 11 13 35
7 8 1 4
6 7 8 8
1 960 424 323
0 11 11 19 
11 0 44 22 
11 44 0 10 
19 22 10 0

15
1 6 9 11 15 17 20 23 25 30 34 52 64 76 78 80 88 90 93 97 99
23 14 17 37 16 10 46 11 14 16 11 10 15 23 19 34 15 19 11 14 11
2 4 10 9 4 6 1 9 10 9 8 2 0 8 3 9 6 4 1 8 1
2 10 4 2 3 4 8 10 2 7 2 3 7 6 2 8 2 6 1 6 8
920 919 379 343 773 2 597 394 159 796 212 939 967 932 529 121 947 245 921 658 349
0 31 32 8 1 27 8 19 22 15 30 11 26 4 7 11 17 36 28 40 14 
31 0 19 2 14 30 1 5 1 12 8 22 33 21 15 10 21 29 17 2 15 
32 19 0 37 27 11 10 37 5 27 36 15 26 9 16 28 28 22 17 45 7 
8 2 37 0 21 26 20 11 7 7 15 15 5 2 13 15 8 13 27 18 4 
1 14 27 21 0 14 3 1 27 13 16 6 14 21 3 20 6 12 24 3 7 
27 30 11 26 14 0 2 33 18 36 7 4 19 1 9 41 1 19 22 12 25 
8 1 10 20 3 2 0 5 7 19 9 1 19 4 30 6 15 21 3 7 9 
19 5 37 11 1 33 5 0 22 8 8 18 11 2 31 20 2 6 4 7 30 
22 1 5 7 27 18 7 22 0 13 26 9 20 9 20 7 4 6 18 32 3 
15 12 27 7 13 36 19 8 13 0 8 7 34 20 2 19 9 16 6 38 33 
30 8 36 15 16 7 9 8 26 8 0 17 18 44 23 6 34 13 3 39 8 
11 22 15 15 6 4 1 18 9 7 17 0 11 24 6 24 24 38 12 21 6 
26 33 26 5 14 19 19 11 20 34 18 11 0 10 5 20 1 26 2 15 10 
4 21 9 2 21 1 4 2 9 20 44 24 10 0 8 33 14 13 5 13 16 
7 15 16 13 3 9 30 31 20 2 23 6 5 8 0 19 11 22 8 2 19 
11 10 28 15 20 41 6 20 7 19 6 24 20 33 19 0 15 29 10 7 1 
17 21 28 8 6 1 15 2 4 9 34 24 1 14 11 15 0 8 13 9 13 
36 29 22 13 12 19 21 6 6 16 13 38 26 13 22 29 8 0 23 21 23 
28 17 17 27 24 22 3 4 18 6 3 12 2 5 8 10 13 23 0 18 1 
40 2 45 18 3 12 7 7 32 38 39 21 15 13 2 7 9 21 18 0 13 
14 15 7 4 7 25 9 30 3 33 8 6 10 16 19 1 13 23 1 13 0

16
1 11 43 46 51 57 67 78 84
26 28 10 11 10 34 23 20 23
8 1 8 5 0 6 4 7 6
1 9 9 8 1 7 1 6 6
929 780 107 431 319 166 118 725 548
0 7 12 4 20 1 12 15 8 
7 0 7 22 3 5 16 5 9 
12 7 0 24 1 4 16 15 7 
4 22 24 0 15 40 22 22 15 
20 3 1 15 0 3 13 2 15 
1 5 4 40 3 0 3 21 7 
12 16 16 22 13 3 0 9 12 
15 5 15 22 2 21 9 0 6 
8 9 7 15 15 7 12 6 0

17
2 4 7 8 10 11 13 17 18 19 24 25 27 31 32 34 35 36 37 38 39 42 45 46 47 49 53 54 56 57 58 60 71 73 74 76 77 82 84 85 87 89 93 94 95 96
16 14 35 16 10 27 29 10 23 15 34 15 32 17 22 10 18 23 28 21 15 12 28 14 20 12 22 16 10 38 22 13 39 13 25 18 37 25 38 10 27 13 13 26 13 15
9 9 10 2 9 8 2 9 5 9 3 0 8 5 1 6 0 1 3 7 7 5 0 5 1 8 7 10 8 8 3 4 5 6 3 6 1 8 3 8 9 7 3 8 8 4
3 1 9 7 8 10 1 10 5 2 4 10 4 3 7 8 3 10 3 10 9 4 7 9 9 7 9 6 7 9 1 5 7 8 1 9 6 1 1 9 4 5 2 4 8 3
195 627 429 801 59 969 581 541 811 581 770 224 268 195 968 3 213 47 451 571 982 727 507 759 826 721 981 237 937 506 966 361 393 102 129 686 568 418 482 968 166 441 138 416 109 705
0 10 36 9 10 26 4 16 30 14 24 19 37 17 5 42 26 20 9 8 9 3 5 43 34 4 5 15 15 9 25 25 7 6 15 9 23 5 32 3 19 25 10 2 18 13 
10 0 12 18 9 3 34 25 13 2 7 11 12 25 13 21 9 15 23 32 21 20 19 21 12 20 1 1 17 6 3 8 25 12 6 19 16 8 10 7 18 5 24 23 4 9 
36 12 0 5 8 19 2 42 8 25 31 2 9 19 15 8 6 12 45 16 16 18 7 20 26 10 4 9 3 8 4 4 5 15 11 31 17 45 11 8 19 8 21 1 14 26 
9 18 5 0 2 5 31 20 10 14 19 35 38 17 7 31 12 12 40 25 16 14 12 36 36 2 18 14 31 5 10 13 17 14 14 8 28 19 8 15 20 35 26 8 17 1 
10 9 8 2 0 10 14 7 12 20 1 8 9 7 14 46 3 23 1 5 29 21 1 34 6 4 9 26 25 29 25 18 15 41 5 8 1 20 39 27 11 7 36 26 5 6 
26 3 19 5 10 0 33 11 37 29 9 30 24 6 4 30 20 8 6 4 31 6 24 37 16 2 27 6 32 12 17 40 22 10 15 19 21 11 9 7 6 18 9 20 5 19 
4 34 2 31 14 33 0 31 5 3 3 12 13 42 22 12 14 36 17 7 13 9 3 17 15 2 9 43 11 12 5 11 18 30 21 13 16 23 7 2 6 11 5 4 2 9 
16 25 42 20 7 11 31 0 9 25 2 1 3 12 15 7 4 41 9 33 32 27 1 21 33 11 4 23 12 38 16 6 16 3 5 11 29 24 2 12 11 28 21 10 28 13 
30 13 8 10 12 37 5 9 0 4 31 34 10 9 32 2 16 34 13 19 27 13 40 19 25 39 6 25 10 1 21 2 7 1 4 10 2 19 12 1 40 8 17 24 10 8 
14 2 25 14 20 29 3 25 4 0 4 24 20 30 4 12 33 6 13 20 6 31 5 8 37 5 15 2 4 17 4 13 12 34 26 5 37 12 7 40 36 43 34 15 19 3 
24 7 31 19 1 9 3 2 31 4 0 3 8 42 16 1 27 10 14 15 41 5 23 2 21 4 2 12 22 11 21 33 14 21 20 2 16 17 8 40 16 4 30 9 11 9 
19 11 2 35 8 30 12 1 34 24 3 0 28 37 39 8 2 8 49 22 14 30 6 32 18 2 16 22 41 34 22 24 12 10 14 13 11 23 5 34 35 20 9 12 16 8 
37 12 9 38 9 24 13 3 10 20 8 28 0 41 5 9 6 5 11 3 9 26 18 3 1 30 3 4 12 35 3 26 14 35 17 5 2 31 15 11 3 28 35 1 7 11 
17 25 19 17 7 6 42 12 9 30 42 37 41 0 24 6 34 10 25 3 29 8 37 30 39 21 2 6 5 6 17 13 4 20 26 5 13 11 15 27 3 3 12 14 31 4 
5 13 15 7 14 4 22 15 32 4 16 39 5 24 0 43 4 19 27 24 8 36 20 11 7 6 42 3 15 12 10 21 33 5 10 8 27 7 33 3 19 6 2 13 12 21 
42 21 8 31 46 30 12 7 2 12 1 8 9 6 43 0 8 10 14 20 10 1 15 4 7 30 8 2 6 9 28 33 24 19 27 18 3 39 9 1 25 21 6 10 3 10 
26 9 6 12 3 20 14 4 16 33 27 2 6 34 4 8 0 13 6 22 35 46 12 11 15 11 16 1 15 3 47 5 50 26 1 37 17 27 5 11 22 13 3 8 7 42 
20 15 12 12 23 8 36 41 34 6 10 8 5 10 19 10 13 0 27 9 5 22 9 46 16 6 7 7 10 26 11 17 26 13 2 27 3 30 24 7 13 28 3 3 6 18 
9 23 45 40 1 6 17 9 13 13 14 49 11 25 27 14 6 27 0 7 33 31 14 6 30 8 32 28 5 4 24 21 12 7 29 16 34 10 17 4 13 28 10 10 6 15 
8 32 16 25 5 4 7 33 19 20 15 22 3 3 24 20 22 9 7 0 9 36 8 9 11 12 24 7 6 12 5 3 9 7 4 4 14 34 6 14 12 34 11 9 2 8 
9 21 16 16 29 31 13 32 27 6 41 14 9 29 8 10 35 5 33 9 0 33 16 1 26 3 16 8 25 30 16 11 23 5 10 22 11 25 36 12 12 21 13 6 15 13 
3 20 18 14 21 6 9 27 13 31 5 30 26 8 36 1 46 22 31 36 33 0 5 15 11 21 3 2 25 3 15 9 16 4 1 39 8 32 15 8 9 12 13 10 12 9 
5 19 7 12 1 24 3 1 40 5 23 6 18 37 20 15 12 9 14 8 16 5 0 4 25 4 18 42 34 15 25 27 8 6 12 6 40 6 16 20 7 36 27 8 3 2 
43 21 20 36 34 37 17 21 19 8 2 32 3 30 11 4 11 46 6 9 1 15 4 0 1 11 36 9 21 34 31 14 30 12 43 10 2 5 24 9 29 10 36 3 39 22 
34 12 26 36 6 16 15 33 25 37 21 18 1 39 7 7 15 16 30 11 26 11 25 1 0 22 19 36 13 33 31 6 25 27 15 15 27 12 15 14 7 14 9 14 39 2 
4 20 10 2 4 2 2 11 39 5 4 2 30 21 6 30 11 6 8 12 3 21 4 11 22 0 7 11 4 10 16 14 41 18 49 30 33 24 6 25 15 19 27 13 11 13 
5 1 4 18 9 27 9 4 6 15 2 16 3 2 42 8 16 7 32 24 16 3 18 36 19 7 0 33 27 39 2 13 24 17 25 46 1 7 2 16 6 20 23 41 10 28 
15 1 9 14 26 6 43 23 25 2 12 22 4 6 3 2 1 7 28 7 8 2 42 9 36 11 33 0 18 7 36 6 3 14 20 22 4 30 15 44 20 13 20 9 14 4 
15 17 3 31 25 32 11 12 10 4 22 41 12 5 15 6 15 10 5 6 25 25 34 21 13 4 27 18 0 13 7 3 13 28 21 9 4 10 33 13 12 2 31 33 19 28 
9 6 8 5 29 12 12 38 1 17 11 34 35 6 12 9 3 26 4 12 30 3 15 34 33 10 39 7 13 0 2 15 6 35 33 10 14 7 1 18 1 14 5 11 21 21 
25 3 4 10 25 17 5 16 21 4 21 22 3 17 10 28 47 11 24 5 16 15 25 31 31 16 2 36 7 2 0 11 6 4 9 28 12 17 6 6 41 38 15 3 50 19 
25 8 4 13 18 40 11 6 2 13 33 24 26 13 21 33 5 17 21 3 11 9 27 14 6 14 13 6 3 15 11 0 21 16 27 29 5 2 6 2 11 4 4 1 10 20 
7 25 5 17 15 22 18 16 7 12 14 12 14 4 33 24 50 26 12 9 23 16 8 30 25 41 24 3 13 6 6 21 0 4 8 34 39 1 8 42 4 6 1 16 20 12 
6 12 15 14 41 10 30 3 1 34 21 10 35 20 5 19 26 13 7 7 5 4 6 12 27 18 17 14 28 35 4 16 4 0 5 5 10 13 12 33 7 40 23 3 11 10 
15 6 11 14 5 15 21 5 4 26 20 14 17 26 10 27 1 2 29 4 10 1 12 43 15 49 25 20 21 33 9 27 8 5 0 3 1 11 10 9 16 29 12 31 12 33 
9 19 31 8 8 19 13 11 10 5 2 13 5 5 8 18 37 27 16 4 22 39 6 10 15 30 46 22 9 10 28 29 34 5 3 0 17 29 7 2 15 23 5 9 5 6 
23 16 17 28 1 21 16 29 2 37 16 11 2 13 27 3 17 3 34 14 11 8 40 2 27 33 1 4 4 14 12 5 39 10 1 17 0 6 20 12 11 25 2 6 6 37 
5 8 45 19 20 11 23 24 19 12 17 23 31 11 7 39 27 30 10 34 25 32 6 5 12 24 7 30 10 7 17 2 1 13 11 29 6 0 25 2 10 2 14 6 7 14 
32 10 11 8 39 9 7 2 12 7 8 5 15 15 33 9 5 24 17 6 36 15 16 24 15 6 2 15 33 1 6 6 8 12 10 7 20 25 0 9 14 11 30 16 21 27 
3 7 8 15 27 7 2 12 1 40 40 34 11 27 3 1 11 7 4 14 12 8 20 9 14 25 16 44 13 18 6 2 42 33 9 2 12 2 9 0 4 1 4 27 16 8 
19 18 19 20 11 6 6 11 40 36 16 35 3 3 19 25 22 13 13 12 12 9 7 29 7 15 6 20 12 1 41 11 4 7 16 15 11 10 14 4 0 11 4 22 17 19 
25 5 8 35 7 18 11 28 8 43 4 20 28 3 6 21 13 28 28 34 21 12 36 10 14 19 20 13 2 14 38 4 6 40 29 23 25 2 11 1 11 0 30 27 20 25 
10 24 21 26 36 9 5 21 17 34 30 9 35 12 2 6 3 3 10 11 13 13 27 36 9 27 23 20 31 5 15 4 1 23 12 5 2 14 30 4 4 30 0 5 10 4 
2 23 1 8 26 20 4 10 24 15 9 12 1 14 13 10 8 3 10 9 6 10 8 3 14 13 41 9 33 11 3 1 16 3 31 9 6 6 16 27 22 27 5 0 36 25 
18 4 14 17 5 5 2 28 10 19 11 16 7 31 12 3 7 6 6 2 15 12 3 39 39 11 10 14 19 21 50 10 20 11 12 5 6 7 21 16 17 20 10 36 0 41 
13 9 26 1 6 19 9 13 8 3 9 8 11 4 21 10 42 18 15 8 13 9 2 22 2 13 28 4 28 21 19 20 12 10 33 6 37 14 27 8 19 25 4 25 41 0

18
1 3 6 9 13 15 21 30 31 40 43 48 51 56 59 65 69 70 75 76 77 78 79 81 85 86 90 91 97
33 14 11 21 38 33 28 12 23 32 23 36 11 13 11 11 16 13 10 23 29 46 29 11 10 24 12 25 12
7 9 9 8 2 8 8 5 7 9 2 2 3 2 3 8 10 1 3 5 4 10 1 10 6 0 10 9 1
6 3 10 9 9 9 7 8 9 1 9 7 3 8 1 1 8 6 3 10 3 1 7 1 3 2 9 6 4
523 589 862 662 581 457 300 624 763 473 299 814 746 516 587 544 839 768 138 61 843 801 163 197 164 650 282 940 659
0 37 35 25 13 24 22 18 22 26 3 14 15 13 19 16 22 5 13 2 6 1 23 25 10 11 14 26 13 
37 0 1 7 4 12 23 7 8 2 14 17 9 9 5 20 4 6 31 39 29 12 8 12 9 19 8 24 33 
35 1 0 25 1 16 7 12 40 7 2 23 35 2 10 3 4 5 22 18 23 18 3 27 4 40 11 18 32 
25 7 25 0 9 14 12 29 40 8 37 14 2 2 15 32 21 49 11 7 6 18 20 5 2 6 11 35 22 
13 4 1 9 0 9 37 32 13 29 19 4 32 3 3 18 8 31 12 16 6 21 16 9 22 18 37 13 16 
24 12 16 14 9 0 9 11 14 21 2 14 25 30 10 31 17 23 1 1 7 3 8 25 20 11 15 7 21 
22 23 7 12 37 9 0 15 5 31 9 14 16 20 8 13 2 6 3 25 11 6 1 2 5 25 13 10 27 
18 7 12 29 32 11 15 0 13 9 15 4 2 18 6 8 23 16 19 20 12 13 22 1 13 6 19 30 11 
22 8 40 40 13 14 5 13 0 7 21 9 6 10 10 9 9 6 25 2 27 5 19 25 4 26 11 1 10 
26 2 7 8 29 21 31 9 7 0 6 3 33 1 36 23 19 19 32 31 2 6 9 10 35 40 4 9 32 
3 14 2 37 19 2 9 15 21 6 0 29 6 23 16 1 16 4 11 22 15 5 4 7 12 27 14 9 2 
14 17 23 14 4 14 14 4 9 3 29 0 14 14 8 11 24 12 6 41 2 5 20 5 20 19 15 18 25 
15 9 35 2 32 25 16 2 6 33 6 14 0 12 17 13 1 1 28 4 37 9 11 14 14 4 36 1 19 
13 9 2 2 3 30 20 18 10 1 23 14 12 0 21 8 6 37 23 3 4 21 26 37 17 16 17 18 11 
19 5 10 15 3 10 8 6 10 36 16 8 17 21 0 15 30 1 19 19 24 23 18 16 2 14 23 19 2 
16 20 3 32 18 31 13 8 9 23 1 11 13 8 15 0 5 10 40 31 48 1 26 10 18 5 4 16 32 
22 4 4 21 8 17 2 23 9 19 16 24 1 6 30 5 0 2 2 40 25 7 21 27 16 13 8 8 5 
5 6 5 49 31 23 6 16 6 19 4 12 1 37 1 10 2 0 18 35 7 1 35 18 2 32 4 12 4 
13 31 22 11 12 1 3 19 25 32 11 6 28 23 19 40 2 18 0 44 5 4 14 2 6 2 16 19 22 
2 39 18 7 16 1 25 20 2 31 22 41 4 3 19 31 40 35 44 0 26 15 6 11 9 7 7 15 15 
6 29 23 6 6 7 11 12 27 2 15 2 37 4 24 48 25 7 5 26 0 34 7 1 1 28 36 1 16 
1 12 18 18 21 3 6 13 5 6 5 5 9 21 23 1 7 1 4 15 34 0 25 2 13 9 2 12 12 
