1
1 2 3
13 20 31
1 4 6
10 3 2
6 3 0
0 9 29 
9 0 8 
29 8 0

2
1 2 3 4 5 6
9 8 3 36 3 41
10 2 0 5 9 6
9 5 4 6 8 6
11 0 8 18 14 17
0 6 14 7 10 10 
6 0 1 9 10 5 
14 1 0 11 11 24 
7 9 11 0 46 6 
10 10 11 46 0 6 
10 5 24 6 6 0

3
1 2
3 38
4 4
3 6
4 12
0 18 
18 0

4
1 2 3 4
19 4 47 22
1 4 1 4
8 3 5 7
7 16 12 3
0 4 36 8 
4 0 31 22 
36 31 0 11 
8 22 11 0

5
1 2 3
31 3 11
1 4 10
8 6 10
13 4 12
0 26 6 
26 0 5 
6 5 0

6
1 2 3
13 1 34
3 1 4
1 7 8
12 17 15
0 26 38 
26 0 14 
38 14 0

7
1 2 3 4 5 6 7 8
6 38 23 34 32 42 10 25
5 2 1 7 6 0 1 5
4 7 2 4 5 4 4 9
8 6 0 3 6 19 14 4
0 4 39 8 3 13 14 9 
4 0 32 21 32 8 21 43 
39 32 0 7 18 15 1 11 
8 21 7 0 46 21 11 3 
3 32 18 46 0 9 10 17 
13 8 15 21 9 0 39 3 
14 21 1 11 10 39 0 13 
9 43 11 3 17 3 13 0

8
1 2 3 4 5 6
46 34 9 49 10 33
7 0 0 7 10 6
2 2 5 6 8 9
2 7 0 5 11 16
0 2 37 2 11 17 
2 0 5 28 14 5 
37 5 0 18 29 27 
2 28 18 0 31 25 
11 14 29 31 0 10 
17 5 27 25 10 0

9
1 2 3 4 5
2 20 22 20 4
10 8 1 6 2
1 10 8 7 3
5 8 8 12 7
0 10 22 1 1 
10 0 31 27 10 
22 31 0 16 29 
1 27 16 0 39 
1 10 29 39 0

10
1 2 3
44 3 30
2 9 0
6 8 2
13 12 15
0 25 10 
25 0 2 
10 2 0

11
1 2
39 7
9 8
3 6
10 6
0 13 
13 0

12
1 2 3 4 5 6 7 8 9
8 40 44 25 13 24 41 32 43
0 10 9 4 0 3 1 4 9
10 6 5 2 7 8 1 1 10
14 3 4 16 14 11 1 16 6
0 8 6 13 14 17 17 7 9 
8 0 20 8 10 7 29 37 14 
6 20 0 3 30 7 7 3 4 
13 8 3 0 27 10 1 29 7 
14 10 30 27 0 11 27 2 32 
17 7 7 10 11 0 21 12 17 
17 29 7 1 27 21 0 3 12 
7 37 3 29 2 12 3 0 3 
9 14 4 7 32 17 12 3 0

13
1 2 3
23 12 5
0 0 9
6 4 3
11 11 6
0 1 14 
1 0 8 
14 8 0

14
1 2
19 15
5 2
1 3
19 14
0 4 
4 0

15
1 2 3 4 5 6 7 8 9
23 14 19 12 35 25 21 49 27
4 5 4 9 9 2 8 2 10
3 6 9 2 5 3 4 5 1
0 15 10 3 5 7 7 11 4
0 20 2 7 2 3 5 7 5 
20 0 36 27 10 10 14 20 12 
2 36 0 3 8 29 11 12 17 
7 27 3 0 4 25 14 1 7 
2 10 8 4 0 6 29 14 24 
3 10 29 25 6 0 19 8 6 
5 14 11 14 29 19 0 6 26 
7 20 12 1 14 8 6 0 4 
5 12 17 7 24 6 26 4 0

16
1 2 3 4 5 6
8 45 50 16 10 31
8 7 6 7 5 3
10 7 7 6 8 5
4 5 5 16 2 0
0 23 29 10 8 1 
23 0 14 20 8 13 
29 14 0 10 18 10 
10 20 10 0 28 46 
8 8 18 28 0 8 
1 13 10 46 8 0

17
1 2 3
44 49 8
7 6 4
4 5 1
17 0 0
0 9 26 
9 0 34 
26 34 0

18
1 2 3 4 5 6 7 8
29 19 6 20 34 27 9 35
1 10 0 8 3 4 9 1
5 4 2 6 3 5 9 7
11 19 8 3 2 16 6 17
0 13 18 5 8 12 19 11 
13 0 9 11 8 12 4 25 
18 9 0 13 19 30 3 10 
5 11 13 0 23 41 16 27 
8 8 19 23 0 4 31 32 
12 12 30 41 4 0 33 6 
19 4 3 16 31 33 0 16 
11 25 10 27 32 6 16 0

19
1 2
29 4
4 9
3 4
15 0
0 12 
12 0

20
1 2 3 4 5 6 7 8 9
26 44 24 1 10 7 25 42 29
0 1 0 4 9 6 2 10 2
9 7 2 5 5 8 6 7 9
2 0 19 7 6 10 13 4 10
0 5 14 3 8 12 13 7 13 
5 0 32 25 15 13 7 29 7 
14 32 0 19 23 4 7 2 8 
3 25 19 0 41 6 6 24 1 
8 15 23 41 0 11 44 12 15 
12 13 4 6 11 0 20 10 6 
13 7 7 6 44 20 0 17 25 
7 29 2 24 12 10 17 0 10 
13 7 8 1 15 6 25 10 0

21
1 2 3 4 5 6 7
27 43 38 46 18 11 42
7 10 7 7 0 5 0
1 9 8 4 1 1 3
16 13 8 10 1 9 2
0 26 28 11 4 13 18 
26 0 15 30 13 6 20 
28 15 0 4 20 6 13 
11 30 4 0 21 21 15 
4 13 20 21 0 6 17 
13 6 6 21 6 0 2 
18 20 13 15 17 2 0

22
1 2 3 4 5 6 7 8 9 10
3 14 13 34 23 36 32 32 6 49
3 8 4 6 3 1 7 7 1 2
6 6 5 5 1 1 1 8 4 7
2 6 9 15 9 14 13 3 3 6
0 15 40 2 14 14 18 7 1 12 
15 0 16 32 15 3 27 18 12 21 
40 16 0 14 4 36 5 7 10 15 
2 32 14 0 33 39 15 35 11 17 
14 15 4 33 0 5 15 2 8 4 
14 3 36 39 5 0 12 12 27 8 
18 27 5 15 15 12 0 7 10 43 
7 18 7 35 2 12 7 0 1 28 
1 12 10 11 8 27 10 1 0 2 
12 21 15 17 4 8 43 28 2 0

23
1 2 3
25 48 44
10 9 8
5 6 5
3 7 7
0 24 16 
24 0 5 
16 5 0

24
1 2 3 4 5 6 7 8 9 10
20 24 38 36 38 26 5 37 15 38
10 10 2 8 10 2 2 3 6 2
6 8 3 6 1 3 4 4 6 8
7 9 0 11 4 16 15 4 19 3
0 20 2 9 10 12 16 8 5 1 
20 0 15 36 11 11 29 32 16 35 
2 15 0 11 23 6 5 5 13 23 
9 36 11 0 13 21 10 25 1 14 
10 11 23 13 0 1 21 16 22 15 
12 11 6 21 1 0 15 5 23 6 
16 29 5 10 21 15 0 10 1 23 
8 32 5 25 16 5 10 0 19 4 
5 16 13 1 22 23 1 19 0 24 
1 35 23 14 15 6 23 4 24 0

25
1 2 3 4
23 2 15 4
0 3 10 5
8 1 6 7
1 0 2 4
0 7 29 7 
7 0 10 23 
29 10 0 10 
7 23 10 0

26
1 2 3 4
42 1 35 37
5 6 10 1
7 5 8 7
12 17 1 12
0 6 1 9 
6 0 9 40 
1 9 0 17 
9 40 17 0

27
1 2 3 4
6 16 11 7
5 0 1 9
4 3 7 8
5 17 19 4
0 20 39 1 
20 0 17 22 
39 17 0 13 
1 22 13 0

28
1 2
41 23
0 4
8 3
2 14
0 8 
8 0

29
1 2 3 4 5 6 7 8 9 10
23 18 20 31 36 26 32 48 45 34
2 7 8 0 4 1 0 0 4 5
7 7 5 9 1 7 1 5 4 7
10 0 17 18 14 11 8 18 16 8
0 7 8 10 6 8 19 11 12 35 
7 0 23 11 10 6 28 48 1 38 
8 23 0 2 19 10 6 12 10 21 
10 11 2 0 19 21 16 26 10 28 
6 10 19 19 0 3 1 10 37 2 
8 6 10 21 3 0 29 3 22 1 
19 28 6 16 1 29 0 16 30 43 
11 48 12 26 10 3 16 0 27 17 
12 1 10 10 37 22 30 27 0 24 
35 38 21 28 2 1 43 17 24 0

30
1 2 3 4 5
5 12 43 8 25
8 8 10 8 6
7 3 3 9 5
8 2 18 19 9
0 10 1 7 13 
10 0 18 17 21 
1 18 0 11 7 
7 17 11 0 46 
13 21 7 46 0

31
1 2 3 4 5 6 7 8
10 43 30 41 24 41 47 18
0 9 0 9 8 5 3 2
9 7 9 4 3 8 10 7
4 11 13 0 6 0 7 2
0 19 29 4 12 15 17 12 
19 0 7 13 11 8 30 5 
29 7 0 14 21 26 5 9 
4 13 14 0 28 23 11 6 
12 11 21 28 0 5 2 32 
15 8 26 23 5 0 1 5 
17 30 5 11 2 1 0 7 
12 5 9 6 32 5 7 0

32
1 2 3 4 5 6 7 8
25 38 9 2 9 23 13 3
6 7 9 6 0 5 1 5
7 6 5 8 2 1 9 1
1 18 10 16 18 2 15 10
0 13 9 13 11 9 14 11 
13 0 10 39 10 7 28 20 
9 10 0 17 2 11 3 5 
13 39 17 0 31 46 2 34 
11 10 2 31 0 1 36 25 
9 7 11 46 1 0 12 6 
14 28 3 2 36 12 0 19 
11 20 5 34 25 6 19 0

33
1 2 3
6 13 17
8 4 8
3 6 8
8 8 4
0 25 29 
25 0 36 
29 36 0

34
1 2 3 4
3 42 5 16
10 8 3 7
10 1 8 9
5 10 19 5
0 23 22 11 
23 0 9 31 
22 9 0 18 
11 31 18 0

35
1 2
35 1
1 1
9 2
10 13
0 20 
20 0

36
1 2 3 4 5 6 7
37 33 21 2 3 25 23
7 5 0 5 6 0 1
6 2 3 10 1 10 7
12 4 4 6 9 5 1
0 15 23 10 15 9 10 
15 0 37 30 27 3 1 
23 37 0 15 26 17 4 
10 30 15 0 25 5 12 
15 27 26 25 0 2 8 
9 3 17 5 2 0 2 
10 1 4 12 8 2 0

37
1 2 3 4 5 6 7
2 45 30 6 17 6 31
2 10 8 0 0 5 0
7 1 8 9 9 6 3
19 10 15 12 3 3 16
0 21 19 1 1 13 11 
21 0 11 36 10 3 6 
19 11 0 6 21 16 10 
1 36 6 0 22 2 16 
1 10 21 22 0 11 44 
13 3 16 2 11 0 26 
11 6 10 16 44 26 0

38
1 2
15 11
3 3
5 6
10 7
0 6 
6 0

39
1 2 3 4 5 6 7 8
30 25 38 10 33 50 10 27
5 9 0 0 0 1 2 6
10 1 7 1 1 10 7 10
4 5 5 10 1 19 0 10
0 23 16 3 6 17 7 9 
23 0 26 5 9 7 19 43 
16 26 0 12 31 7 7 14 
3 5 12 0 16 31 13 15 
6 9 31 16 0 7 16 31 
17 7 7 31 7 0 26 10 
7 19 7 13 16 26 0 3 
9 43 14 15 31 10 3 0

40
1 2 3 4 5 6
18 2 16 21 4 50
8 9 4 6 2 6
6 10 1 2 7 7
17 15 19 17 0 13
0 4 30 10 8 6 
4 0 11 22 31 7 
30 11 0 6 19 19 
10 22 6 0 33 8 
8 31 19 33 0 6 
6 7 19 8 6 0

41
1 2 3 4 5 6 7
10 41 17 19 36 18 9
10 8 2 6 6 6 2
6 1 10 1 1 4 2
15 6 10 9 13 11 19
0 12 11 1 7 13 15 
12 0 5 5 28 9 24 
11 5 0 18 5 11 3 
1 5 18 0 14 11 8 
7 28 5 14 0 1 34 
13 9 11 11 1 0 9 
15 24 3 8 34 9 0

42
1 2 3 4 5 6 7 8 9
23 44 11 35 20 25 27 10 41
9 1 5 2 3 7 6 0 8
5 7 9 7 7 9 2 10 2
10 8 10 17 11 9 4 19 6
0 20 39 9 2 9 6 7 2 
20 0 3 1 8 15 12 47 16 
39 3 0 11 4 29 6 9 16 
9 1 11 0 15 11 3 33 15 
2 8 4 15 0 3 2 11 34 
9 15 29 11 3 0 27 10 43 
6 12 6 3 2 27 0 7 15 
7 47 9 33 11 10 7 0 23 
2 16 16 15 34 43 15 23 0

43
1 2 3 4 5 6 7 8
17 25 4 26 30 7 36 17
0 2 6 5 0 4 10 2
10 8 2 4 8 9 7 4
4 18 18 16 19 15 15 17
0 12 11 5 14 5 15 2 
12 0 5 31 26 10 14 36 
11 5 0 3 9 31 4 4 
5 31 3 0 19 10 12 7 
14 26 9 19 0 3 43 4 
5 10 31 10 3 0 9 10 
15 14 4 12 43 9 0 18 
2 36 4 7 4 10 18 0

44
1 2 3 4 5
1 45 31 7 15
0 9 8 10 7
7 8 6 1 5
17 3 10 7 8
0 8 1 8 6 
8 0 33 22 6 
1 33 0 3 10 
8 22 3 0 37 
6 6 10 37 0

45
1 2 3 4 5 6 7 8
15 15 43 40 23 42 18 7
5 4 5 2 8 5 5 7
7 4 5 2 8 6 7 5
4 15 12 12 7 13 9 3
0 15 10 6 15 8 6 6 
15 0 32 15 8 11 13 25 
10 32 0 15 17 30 10 8 
6 15 15 0 44 26 17 20 
15 8 17 44 0 8 15 21 
8 11 30 26 8 0 34 11 
6 13 10 17 15 34 0 1 
6 25 8 20 21 11 1 0

46
1 2 3
31 28 27
5 0 1
7 10 5
7 1 6
0 24 21 
24 0 12 
21 12 0

47
1 2 3
12 3 1
5 0 2
1 7 2
7 17 19
0 20 13 
20 0 6 
13 6 0

48
1 2 3 4 5 6 7 8 9
13 27 15 31 25 2 22 39 7
0 1 3 0 0 9 10 8 1
9 9 7 7 10 6 8 2 5
19 5 12 6 8 11 4 8 0
0 23 10 10 13 5 13 4 10 
23 0 21 13 27 9 17 8 4 
10 21 0 16 4 33 8 16 6 
10 13 16 0 30 36 11 9 7 
13 27 4 30 0 5 25 6 37 
5 9 33 36 5 0 33 6 15 
13 17 8 11 25 33 0 15 8 
4 8 16 9 6 6 15 0 12 
10 4 6 7 37 15 8 12 0

49
1 2 3 4 5 6 7 8 9
50 47 49 16 10 24 10 20 10
6 0 7 4 3 10 8 8 5
1 9 4 8 8 8 2 2 1
14 12 13 15 9 19 6 1 10
0 20 11 13 15 15 13 11 4 
20 0 27 32 13 3 13 4 11 
11 27 0 17 7 21 3 14 5 
13 32 17 0 41 45 16 14 10 
15 13 7 41 0 8 3 16 32 
15 3 21 45 8 0 39 6 36 
13 13 3 16 3 39 0 7 1 
11 4 14 14 16 6 7 0 2 
4 11 5 10 32 36 1 2 0

50
1 2
9 15
3 10
8 2
19 16
0 14 
14 0

