1
1 2 3 4 5 6 7 8 9 10 11 12
1 37 32 25 42 47 31 39 27 25 31 39
2 4 4 6 2 5 6 1 0 7 2 9
5 6 5 1 4 1 3 3 10 1 1 3
16 2 13 5 9 1 15 11 14 3 1 10
0 2 45 12 13 13 26 32 8 4 20 23 
2 0 30 20 22 8 22 10 9 7 19 15 
45 30 0 4 17 13 3 13 7 29 12 25 
12 20 4 0 13 8 12 3 3 3 32 17 
13 22 17 13 0 1 34 14 8 2 21 9 
13 8 13 8 1 0 45 9 7 17 20 4 
26 22 3 12 34 45 0 10 28 10 28 6 
32 10 13 3 14 9 10 0 30 4 27 2 
8 9 7 3 8 7 28 30 0 4 27 25 
4 7 29 3 2 17 10 4 4 0 10 24 
20 19 12 32 21 20 28 27 27 10 0 2 
23 15 25 17 9 4 6 2 25 24 2 0

2
1 2 3 4 5 6 7 8 9
28 32 23 45 12 5 1 19 15
10 5 1 0 0 9 3 5 2
7 5 2 6 4 3 2 1 3
0 2 11 11 11 6 0 19 14
0 2 31 12 17 5 1 14 24 
2 0 22 16 19 19 18 11 12 
31 22 0 3 4 20 11 7 3 
12 16 3 0 9 13 8 11 33 
17 19 4 9 0 4 16 12 10 
5 19 20 13 4 0 24 7 11 
1 18 11 8 16 24 0 3 9 
14 11 7 11 12 7 3 0 20 
24 12 3 33 10 11 9 20 0

3
1 2
26 27
1 4
2 9
4 13
0 12 
12 0

4
1 2 3 4
38 6 41 27
6 3 8 0
5 8 1 7
11 11 12 10
0 8 14 12 
8 0 19 16 
14 19 0 3 
12 16 3 0

5
1 2 3 4
7 39 12 16
4 2 6 7
2 8 7 6
17 12 5 16
0 3 23 15 
3 0 41 21 
23 41 0 3 
15 21 3 0

6
1 2 3 4 5 6 7 8 9
49 45 1 50 39 6 35 8 17
3 7 3 10 2 10 6 4 6
5 10 5 5 7 8 5 1 9
0 14 3 17 15 7 0 0 18
0 12 26 15 7 9 12 19 13 
12 0 39 3 3 5 26 9 20 
26 39 0 18 11 8 34 14 4 
15 3 18 0 11 2 14 10 19 
7 3 11 11 0 9 9 34 21 
9 5 8 2 9 0 14 9 2 
12 26 34 14 9 14 0 27 41 
19 9 14 10 34 9 27 0 18 
13 20 4 19 21 2 41 18 0

7
1 2 3 4 5 6 7 8
48 24 8 38 43 48 32 42
4 9 1 7 4 6 8 0
5 3 7 3 6 4 6 8
14 5 12 17 15 15 15 9
0 3 48 16 4 20 7 2 
3 0 23 16 26 1 17 3 
48 23 0 3 22 26 1 6 
16 16 3 0 3 2 20 1 
4 26 22 3 0 5 19 15 
20 1 26 2 5 0 10 13 
7 17 1 20 19 10 0 19 
2 3 6 1 15 13 19 0

8
1 2 3 4 5
7 25 42 29 9
6 2 10 2 3
8 6 7 9 3
10 13 4 10 14
0 6 25 14 32 
6 0 25 24 15 
25 25 0 7 15 
14 24 7 0 14 
32 15 15 14 0

9
1 2 3 4 5 6 7 8 9 10 11
46 15 24 40 46 27 43 38 46 18 11
0 10 0 4 8 7 10 7 7 0 5
7 2 3 10 5 1 9 8 4 1 1
1 5 7 2 11 16 13 8 10 1 9
0 11 1 5 5 14 22 15 39 26 18 
11 0 15 15 13 22 20 4 39 2 21 
1 15 0 11 18 30 21 5 1 34 2 
5 15 11 0 13 6 3 7 34 23 13 
5 13 18 13 0 4 17 20 10 9 13 
14 22 30 6 4 0 17 8 6 23 16 
22 20 21 3 17 17 0 3 20 9 5 
15 4 5 7 20 8 3 0 1 15 32 
39 39 1 34 10 6 20 1 0 15 4 
26 2 34 23 9 23 9 15 15 0 27 
18 21 2 13 13 16 5 32 4 27 0

10
1 2 3 4 5 6 7 8 9
30 6 27 5 3 15 21 19 46
7 3 3 6 2 2 6 9 4
2 2 8 9 4 5 2 9 8
2 4 19 12 15 11 17 6 16
0 10 30 9 18 8 1 8 40 
10 0 7 6 27 16 7 10 43 
30 7 0 1 24 33 28 14 1 
9 6 1 0 8 7 21 9 8 
18 27 24 8 0 10 23 15 22 
8 16 33 7 10 0 46 12 9 
1 7 28 21 23 46 0 19 15 
8 10 14 9 15 12 19 0 24 
40 43 1 8 22 9 15 24 0

11
1 2 3 4 5
5 15 38 36 38
8 5 2 8 10
5 8 3 6 1
10 9 0 11 4
0 7 10 6 33 
7 0 5 5 14 
10 5 0 16 19 
6 5 16 0 14 
33 14 19 14 0

12
1 2 3 4 5
47 23 41 2 32
2 9 7 8 7
4 10 2 10 5
12 4 19 11 0
0 4 36 6 32 
4 0 31 18 21 
36 31 0 3 9 
6 18 3 0 9 
32 21 9 9 0

13
1 2 3 4 5 6 7 8 9 10 11
26 25 21 43 23 2 4 2 16 42 23
3 0 3 10 10 5 10 7 0 5 10
6 4 6 4 3 10 3 1 1 2 7
9 1 14 8 9 17 11 0 7 1 4
0 4 29 14 10 12 10 12 22 27 13 
4 0 1 14 17 30 25 2 37 2 27 
29 1 0 13 6 1 33 3 10 43 17 
14 14 13 0 10 2 11 8 12 16 2 
10 17 6 10 0 3 11 6 14 10 4 
12 30 1 2 3 0 40 11 8 23 10 
10 25 33 11 11 40 0 3 17 6 48 
12 2 3 8 6 11 3 0 24 13 2 
22 37 10 12 14 8 17 24 0 2 32 
27 2 43 16 10 23 6 13 2 0 6 
13 27 17 2 4 10 48 2 32 6 0

14
1 2 3 4 5 6 7
19 16 48 32 34 3 17
10 8 6 6 4 8 10
3 6 6 1 9 10 1
14 5 8 9 15 17 14
0 7 47 4 26 12 16 
7 0 4 1 18 3 9 
47 4 0 10 22 14 34 
4 1 10 0 34 6 13 
26 18 22 34 0 5 14 
12 3 14 6 5 0 8 
16 9 34 13 14 8 0

15
1 2 3 4 5 6 7 8 9 10 11
22 44 22 37 19 32 11 3 1 13 18
3 5 0 2 10 6 0 7 7 1 2
10 3 10 6 5 10 3 3 5 9 9
17 4 1 11 10 13 18 10 19 13 5
0 2 43 6 8 17 21 25 28 18 10 
2 0 19 1 28 18 9 18 34 9 21 
43 19 0 11 7 28 10 14 1 33 5 
6 1 11 0 37 7 12 15 3 36 27 
8 28 7 37 0 10 15 2 12 9 6 
17 18 28 7 10 0 44 4 11 12 32 
21 9 10 12 15 44 0 2 16 10 16 
25 18 14 15 2 4 2 0 9 6 27 
28 34 1 3 12 11 16 9 0 3 37 
18 9 33 36 9 12 10 6 3 0 29 
10 21 5 27 6 32 16 27 37 29 0

16
1 2 3 4 5
48 13 28 17 21
7 2 10 6 1
9 8 7 6 5
3 2 8 19 0
0 8 1 9 13 
8 0 26 13 28 
1 26 0 13 23 
9 13 13 0 3 
13 28 23 3 0

17
1 2 3 4 5 6 7 8 9 10 11
30 37 26 3 24 46 3 26 43 26 11
5 4 7 1 0 1 5 2 2 4 2
10 6 9 10 2 9 1 5 10 9 3
4 0 4 11 6 15 10 13 4 1 15
0 12 42 2 34 2 18 25 12 23 19 
12 0 6 3 12 17 7 9 21 5 17 
42 6 0 17 15 10 29 9 3 3 21 
2 3 17 0 38 3 21 17 3 21 5 
34 12 15 38 0 4 30 16 26 8 17 
2 17 10 3 4 0 11 12 6 21 9 
18 7 29 21 30 11 0 31 36 1 35 
25 9 9 17 16 12 31 0 3 27 22 
12 21 3 3 26 6 36 3 0 1 6 
23 5 3 21 8 21 1 27 1 0 7 
19 17 21 5 17 9 35 22 6 7 0

18
1 2 3 4 5 6 7 8
39 22 41 2 22 27 25 23
5 6 1 2 9 10 0 1
10 9 3 3 4 1 10 7
14 11 10 0 1 9 5 1
0 8 23 9 20 19 26 30 
8 0 27 6 2 30 26 9 
23 27 0 7 13 5 23 2 
9 6 7 0 8 1 12 1 
20 2 13 8 0 3 26 1 
19 30 5 1 3 0 21 8 
26 26 23 12 26 21 0 32 
30 9 2 1 1 8 32 0

19
1 2 3 4 5 6 7 8 9
6 17 6 31 41 25 45 50 22
0 0 5 0 4 5 2 2 0
9 9 6 3 1 3 3 4 8
12 3 3 16 0 17 5 19 12
0 1 15 8 19 11 6 16 23 
1 0 15 6 27 30 12 19 9 
15 15 0 13 19 1 11 15 10 
8 6 13 0 1 11 13 6 10 
19 27 19 1 0 1 2 21 17 
11 30 1 11 1 0 1 1 1 
6 12 11 13 2 1 0 8 37 
16 19 15 6 21 1 8 0 20 
23 9 10 10 17 1 37 20 0

20
1 2 3 4
50 27 46 33
2 6 3 3
7 10 3 9
0 10 11 12
0 2 9 14 
2 0 37 22 
9 37 0 12 
14 22 12 0

21
1 2 3
28 25 42
6 3 7
4 7 7
15 7 18
0 2 17 
2 0 18 
17 18 0

22
1 2 3 4 5 6 7 8 9 10
24 40 3 41 10 47 46 11 27 49
8 7 9 1 6 6 7 2 2 8
1 4 6 9 1 7 10 6 10 2
19 8 12 1 13 3 14 15 9 11
0 6 10 12 31 21 17 4 13 17 
6 0 12 24 21 19 13 2 19 9 
10 12 0 14 2 27 18 7 4 23 
12 24 14 0 9 3 4 20 23 11 
31 21 2 9 0 1 28 26 15 2 
21 19 27 3 1 0 42 12 11 3 
17 13 18 4 28 42 0 28 35 12 
4 2 7 20 26 12 28 0 18 5 
13 19 4 23 15 11 35 18 0 6 
17 9 23 11 2 3 12 5 6 0

23
1 2 3 4
14 34 40 27
2 2 4 4
4 8 6 3
0 11 3 10
0 11 33 11 
11 0 35 23 
33 35 0 5 
11 23 5 0

24
1 2 3 4 5 6 7 8
48 25 33 7 1 7 42 18
8 5 4 10 9 10 9 9
5 7 7 3 10 4 9 3
7 15 13 4 16 19 3 12
0 2 3 1 8 12 24 31 
2 0 21 4 29 24 19 9 
3 21 0 16 26 15 11 9 
1 4 16 0 36 14 3 17 
8 29 26 36 0 3 2 11 
12 24 15 14 3 0 34 7 
24 19 11 3 2 34 0 14 
31 9 9 17 11 7 14 0

25
1 2 3 4 5 6 7 8 9
46 2 11 25 22 3 18 42 12
10 9 7 1 3 7 8 6 3
7 3 10 10 9 10 8 8 9
8 12 1 12 14 3 17 8 11
0 3 20 5 30 3 3 31 26 
3 0 37 14 6 17 16 8 8 
20 37 0 10 5 24 7 3 1 
5 14 10 0 9 10 18 7 1 
30 6 5 9 0 1 26 36 23 
3 17 24 10 1 0 49 10 8 
3 16 7 18 26 49 0 7 31 
31 8 3 7 36 10 7 0 18 
26 8 1 1 23 8 31 18 0

26
1 2 3 4 5 6 7
50 16 18 23 5 15 15
5 3 3 8 4 5 4
2 8 1 6 10 7 4
0 9 15 2 13 4 15
0 11 23 10 25 20 5 
11 0 8 13 23 33 16 
23 8 0 8 21 24 23 
10 13 8 0 28 5 12 
25 23 21 28 0 7 19 
20 33 24 5 7 0 7 
5 16 23 12 19 7 0

27
1 2 3 4 5 6 7 8 9
19 23 32 25 37 33 21 31 28
1 3 3 7 9 4 8 5 0
8 3 2 9 4 8 1 7 10
4 10 12 14 12 7 2 7 1
0 7 6 9 13 11 6 8 12 
7 0 24 1 15 3 1 13 35 
6 24 0 1 5 8 13 2 8 
9 1 1 0 13 14 1 17 27 
13 15 5 13 0 2 35 12 30 
11 3 8 14 2 0 15 4 7 
6 1 13 1 35 15 0 25 31 
8 13 2 17 12 4 25 0 26 
12 35 8 27 30 7 31 26 0

28
1 2
28 40
3 4
7 1
1 18
0 6 
6 0

29
1 2 3 4 5 6 7 8 9 10 11 12 13
24 39 7 45 25 13 8 8 12 9 6 15 31
5 8 1 2 3 6 8 8 7 6 9 7 6
8 2 5 10 10 9 2 8 9 5 9 4 1
4 8 0 4 10 16 15 15 10 12 10 11 14
0 12 1 13 29 8 14 16 17 31 16 5 4 
12 0 29 10 24 32 20 5 34 2 13 5 30 
1 29 0 17 21 8 4 3 6 3 11 28 20 
13 10 17 0 11 13 15 13 13 27 32 13 11 
29 24 21 11 0 7 4 22 29 9 7 6 3 
8 32 8 13 7 0 34 15 9 23 38 14 5 
14 20 4 15 4 34 0 32 43 10 14 39 29 
16 5 3 13 22 15 32 0 2 8 32 15 20 
17 34 6 13 29 9 43 2 0 11 36 24 4 
31 2 3 27 9 23 10 8 11 0 1 2 2 
16 13 11 32 7 38 14 32 36 1 0 9 4 
5 5 28 13 6 14 39 15 24 2 9 0 29 
4 30 20 11 3 5 29 20 4 2 4 29 0

30
1 2 3 4 5 6 7 8 9 10 11 12
40 28 32 24 26 5 49 46 46 14 37 41
3 10 10 8 7 2 2 8 0 1 6 0
2 5 4 6 6 4 7 4 1 7 9 3
16 10 5 14 14 3 14 11 12 18 6 16
0 11 32 10 25 18 18 5 6 39 16 1 
11 0 14 14 24 20 3 1 16 10 2 10 
32 14 0 17 12 10 30 5 2 38 15 9 
10 14 17 0 15 7 13 17 22 15 38 17 
25 24 12 15 0 2 3 10 11 10 19 8 
18 20 10 7 2 0 5 9 8 14 21 13 
18 3 30 13 3 5 0 2 8 7 39 9 
5 1 5 17 10 9 2 0 25 5 2 2 
6 16 2 22 11 8 8 25 0 14 16 2 
39 10 38 15 10 14 7 5 14 0 18 9 
16 2 15 38 19 21 39 2 16 18 0 25 
1 10 9 17 8 13 9 2 2 9 25 0

31
1 2 3
23 41 4
4 3 5
6 9 9
19 17 17
0 1 11 
1 0 32 
11 32 0

32
1 2
41 23
4 1
6 10
4 17
0 7 
7 0

33
1 2 3
17 5 3
9 9 8
2 3 4
16 15 11
0 2 36 
2 0 14 
36 14 0

34
1 2 3 4
45 13 11 13
10 9 4 3
4 8 6 8
12 11 17 10
0 3 18 1 
3 0 6 22 
18 6 0 11 
1 22 11 0

35
1 2 3 4 5 6
46 40 11 36 27 8
5 0 4 5 8 1
1 5 4 8 9 10
2 3 16 2 13 14
0 6 12 10 16 21 
6 0 28 22 19 3 
12 28 0 1 27 1 
10 22 1 0 18 2 
16 19 27 18 0 6 
21 3 1 2 6 0

36
1 2 3 4 5 6 7
36 46 17 27 17 29 11
10 3 9 4 5 1 8
5 9 1 10 9 7 1
1 4 12 7 15 11 7
0 12 31 13 2 8 3 
12 0 20 4 12 9 15 
31 20 0 1 29 24 34 
13 4 1 0 27 2 17 
2 12 29 27 0 4 32 
8 9 24 2 4 0 19 
3 15 34 17 32 19 0

37
1 2 3 4 5 6
26 11 16 10 35 47
6 8 2 2 0 6
8 6 4 9 3 3
1 6 9 8 7 7
0 9 9 6 16 17 
9 0 20 26 2 30 
9 20 0 7 2 27 
6 26 7 0 11 7 
16 2 2 11 0 9 
17 30 27 7 9 0

38
1 2 3 4 5 6 7 8
14 32 35 48 44 43 49 48
6 1 0 3 4 6 2 3
9 3 2 7 7 5 10 1
16 2 0 14 11 2 7 1
0 9 5 15 16 15 23 9 
9 0 39 21 19 1 20 5 
5 39 0 12 22 23 24 14 
15 21 12 0 20 9 21 9 
16 19 22 20 0 3 2 31 
15 1 23 9 3 0 47 15 
23 20 24 21 2 47 0 13 
9 5 14 9 31 15 13 0

39
1 2 3 4 5 6 7 8 9 10 11
26 29 45 25 45 16 17 9 50 17 42
5 2 5 6 8 3 8 9 8 6 8
8 8 6 10 5 7 3 9 8 5 1
9 9 19 12 18 6 16 17 10 14 6
0 5 30 3 2 7 20 7 17 1 7 
5 0 12 20 12 24 20 9 1 1 2 
30 12 0 6 27 20 16 7 8 48 12 
3 20 6 0 23 2 19 14 8 2 12 
2 12 27 23 0 1 35 18 12 4 13 
7 24 20 2 1 0 13 6 3 26 12 
20 20 16 19 35 13 0 32 43 3 40 
7 9 7 14 18 6 32 0 19 17 27 
17 1 8 8 12 3 43 19 0 8 1 
1 1 48 2 4 26 3 17 8 0 4 
7 2 12 12 13 12 40 27 1 4 0

40
1 2 3 4 5 6 7 8
39 6 41 46 21 31 42 7
0 6 10 0 10 9 1 8
3 5 10 6 5 6 8 5
16 10 6 4 15 8 5 17
0 12 26 15 27 22 6 27 
12 0 9 22 8 8 6 16 
26 9 0 10 22 7 28 5 
15 22 10 0 18 13 4 12 
27 8 22 18 0 9 35 5 
22 8 7 13 9 0 1 1 
6 6 28 4 35 1 0 1 
27 16 5 12 5 1 1 0

41
1 2 3 4
8 2 45 4
6 5 6 3
7 3 10 7
15 2 7 0
0 1 39 13 
1 0 9 18 
39 9 0 10 
13 18 10 0

42
1 2 3 4 5 6 7 8
26 35 42 6 18 44 50 10
8 2 3 9 4 0 1 2
1 9 10 8 4 1 1 9
14 4 5 9 12 16 9 4
0 2 22 1 21 5 11 5 
2 0 6 12 14 17 15 11 
22 6 0 16 16 34 6 2 
1 12 16 0 21 8 13 13 
21 14 16 21 0 9 31 36 
5 17 34 8 9 0 28 9 
11 15 6 13 31 28 0 5 
5 11 2 13 36 9 5 0

43
1 2 3 4 5
10 21 10 8 18
10 2 0 10 9
7 2 7 2 5
16 4 18 16 11
0 11 47 16 26 
11 0 38 27 21 
47 38 0 15 17 
16 27 15 0 23 
26 21 17 23 0

44
1 2 3 4 5
50 24 16 8 16
8 5 9 5 8
1 9 2 7 1
12 0 15 19 16
0 9 8 2 23 
9 0 3 12 12 
8 3 0 11 9 
2 12 11 0 32 
23 12 9 32 0

45
1 2 3 4 5 6 7 8 9
49 42 44 34 45 14 39 29 28
6 10 2 10 4 0 10 5 9
1 8 1 3 10 8 3 10 3
7 11 15 12 15 19 19 10 16
0 7 26 8 24 13 10 16 14 
7 0 17 8 24 30 8 11 40 
26 17 0 5 11 16 10 14 5 
8 8 5 0 36 3 18 20 8 
24 24 11 36 0 8 31 14 23 
13 30 16 3 8 0 12 10 6 
10 8 10 18 31 12 0 16 46 
16 11 14 20 14 10 16 0 26 
14 40 5 8 23 6 46 26 0

46
1 2 3
35 25 23
7 4 6
4 9 6
9 6 0
0 1 13 
1 0 13 
13 13 0

47
1 2 3 4 5 6 7 8 9 10 11
11 17 27 8 49 29 31 47 2 22 16
8 8 5 0 4 4 5 1 10 9 0
8 5 7 6 10 9 4 2 10 2 1
2 15 1 5 17 13 2 16 16 18 3
0 12 20 3 26 5 25 13 18 19 6 
12 0 12 19 15 9 5 8 17 8 20 
20 12 0 5 24 18 14 2 3 43 14 
3 19 5 0 12 4 19 1 23 35 31 
26 15 24 12 0 3 18 6 29 10 23 
5 9 18 4 3 0 18 13 10 24 15 
25 5 14 19 18 18 0 1 10 4 48 
13 8 2 1 6 13 1 0 19 22 1 
18 17 3 23 29 10 10 19 0 14 9 
19 8 43 35 10 24 4 22 14 0 10 
6 20 14 31 23 15 48 1 9 10 0

48
1 2 3 4 5 6 7 8 9
35 15 21 42 7 23 14 5 38
0 10 10 10 5 8 4 2 10
9 3 8 5 8 10 9 7 2
10 14 7 6 8 9 12 3 16
0 3 46 15 10 14 9 13 12 
3 0 5 9 29 21 13 17 4 
46 5 0 12 27 25 25 9 3 
15 9 12 0 35 10 5 2 20 
10 29 27 35 0 10 29 34 25 
14 21 25 10 10 0 37 7 4 
9 13 25 5 29 37 0 30 14 
13 17 9 2 34 7 30 0 13 
12 4 3 20 25 4 14 13 0

49
1 2 3
7 33 3
8 10 3
7 8 4
3 5 7
0 2 39 
2 0 25 
39 25 0

50
1 2 3 4 5 6 7 8
5 13 13 39 34 39 41 23
8 3 1 3 10 6 10 5
4 8 9 9 10 5 10 4
16 2 4 18 13 15 0 1
0 4 29 7 34 22 7 1 
4 0 10 8 30 31 3 9 
29 10 0 10 13 22 20 15 
7 8 10 0 6 10 4 16 
34 30 13 6 0 6 6 15 
22 31 22 10 6 0 9 7 
7 3 20 4 6 9 0 16 
1 9 15 16 15 7 16 0

